5357
8 1 A 8 6
8 1 R 8 1 6
17 2 A 7 4
17 2 A 6 3
17 2 A 6 4
17 2 R 8 0
1 3 R 12 0
1 3 A 12 10
17 4 R 16 0
9 5 A 13 3
9 5 R 6 2 3 4
9 5 R 6 2 3 4
9 5 R 11 0
15 6 R 9 0
15 6 A 9 5
15 6 A 5 2
15 6 R 9 1 5
15 6 R 6 0
15 6 R 9 1 5
15 6 R 8 0
15 6 R 7 0
15 6 A 9 6
14 7 A 10 2
14 7 R 7 1 4
14 7 A 10 3
14 7 R 8 1 6
14 7 R 4 0
14 7 A 10 4
14 7 A 10 5
14 7 A 8 10
22 8 A 16 10
22 8 R 6 2 3 4
22 8 R 13 0
22 8 A 15 6
22 8 R 17 0
22 8 R 17 0
22 8 R 15 1 6
22 8 A 17 1
22 8 A 15 7
22 8 R 17 1 1
15 9 A 19 1
15 9 R 19 1 1
15 9 R 5 1 2
15 9 A 19 2
11 10 A 11 7
11 10 R 12 1 10
11 10 R 11 1 7
11 10 R 13 0
11 10 R 5 0
11 10 A 11 8
11 10 R 14 0
11 10 R 6 2 3 4
11 10 R 11 2 7 8
11 10 R 14 0
11 10 R 13 0
11 10 R 14 0
11 10 A 14 1
11 10 A 14 2
8 11 A 21 7
8 11 R 21 1 7
8 11 R 18 0
8 11 A 21 8
8 11 R 21 2 7 8
8 11 A 20 9
8 11 R 4 0
19 12 R 18 0
19 12 A 24 5
19 12 A 24 6
19 12 A 24 7
9 13 A 18 2
9 13 R 4 0
9 13 A 17 7
9 13 R 18 1 2
9 13 A 17 8
9 13 R 18 1 2
9 13 R 17 3 1 7 8
9 13 A 17 9
9 13 A 17 10
9 13 R 17 5 1 7 8 9 10
9 13 R 17 5 1 7 8 9 10
9 13 A 15 8
9 13 R 6 2 3 4
9 13 R 4 0
9 13 R 18 1 2
22 14 A 27 8
22 14 A 27 9
22 14 A 26 3
19 15 A 28 3
19 15 R 28 1 3
19 15 A 28 4
19 15 R 28 2 3 4
19 15 A 28 5
19 15 R 22 0
22 16 A 29 8
22 16 R 30 0
7 17 R 30 0
7 17 R 31 0
7 17 A 31 1
7 17 R 4 0
2 18 A 30 10
2 18 R 18 1 2
2 18 R 29 0
2 18 R 30 1 10
2 18 R 30 1 10
14 19 A 26 4
14 19 R 28 0
14 19 A 26 5
14 19 A 26 6
14 19 R 18 1 2
14 19 R 28 0
14 19 R 28 0
14 19 R 28 0
11 20 A 32 4
6 21 A 33 4
6 21 A 34 1
6 21 R 33 1 4
6 21 A 4 1
6 21 R 34 1 1
6 21 R 34 1 1
6 21 A 34 2
16 22 R 4 0
16 22 R 22 0
22 23 A 35 3
22 23 R 22 0
22 23 A 35 4
22 23 R 33 0
22 23 A 35 5
23 24 R 37 0
4 25 R 31 1 1
4 25 R 31 1 1
4 25 A 32 5
4 25 R 33 1 4
13 26 A 37 7
14 27 A 36 5
14 27 A 36 6
14 27 R 38 0
14 27 R 38 0
14 27 A 38 1
14 27 A 36 7
14 27 A 38 2
14 27 R 5 1 2
6 28 A 41 8
6 28 R 42 0
17 29 R 41 1 8
19 30 A 42 4
19 30 A 42 5
19 30 A 42 6
11 31 R 41 0
11 31 R 42 0
11 31 R 41 0
11 31 R 42 0
11 31 R 42 0
5 32 R 46 0
6 33 R 46 0
24 34 A 46 2
24 34 A 46 3
21 35 A 38 5
21 35 R 40 0
21 35 A 40 3
21 35 A 40 4
21 35 A 37 8
21 35 A 40 5
21 35 R 40 3 3 4 5
21 35 R 40 3 3 4 5
20 36 A 45 6
20 36 A 2 2
13 37 A 48 10
19 38 A 46 8
19 38 R 45 0
19 38 R 46 3 2 3 8
19 38 R 43 0
19 38 A 46 9
18 39 A 50 9
18 39 A 50 10
18 39 R 50 2 9 10
6 40 A 49 3
6 40 A 49 4
6 40 R 48 0
6 40 A 39 6
6 40 R 43 0
12 41 R 54 0
3 42 A 54 9
22 43 R 56 0
2 44 R 44 0
2 44 R 39 0
2 44 R 41 1 8
2 44 R 41 1 8
2 44 R 44 0
2 44 R 39 0
2 44 R 44 0
2 44 R 41 1 8
2 44 A 44 6
2 44 A 44 7
2 44 A 44 8
2 44 R 41 1 8
2 44 R 44 3 6 7 8
2 44 R 43 0
2 44 A 43 1
12 45 A 57 9
20 46 A 59 4
5 47 R 59 0
5 47 A 2 3
11 48 A 60 3
11 48 A 60 4
11 48 A 60 5
9 49 A 58 4
9 49 A 55 2
9 49 R 58 1 4
9 49 R 58 1 4
9 49 A 58 5
17 50 R 4 1 1
16 51 A 56 7
16 51 A 47 5
16 51 A 56 8
16 51 R 52 0
16 51 A 56 9
16 51 R 57 0
16 51 R 56 3 7 8 9
12 52 R 64 0
12 52 A 62 9
18 53 A 65 10
23 54 A 64 1
23 54 R 63 0
23 54 R 62 0
23 54 A 64 2
9 55 R 65 0
9 55 R 65 0
9 55 R 65 0
9 55 R 65 0
9 55 R 55 1 2
9 55 R 65 0
18 56 A 63 9
23 57 R 68 0
13 58 R 68 0
13 58 A 68 7
12 59 A 66 7
12 59 A 64 9
12 59 A 64 10
12 59 A 66 8
12 59 A 67 1
12 59 A 66 9
9 60 R 63 0
9 60 R 69 0
9 60 R 68 0
23 61 A 70 2
7 62 A 61 4
7 62 R 59 1 4
7 62 R 60 3 3 4 5
7 62 A 59 10
7 62 R 60 3 3 4 5
7 62 R 4 1 1
7 62 R 61 1 4
7 62 R 60 3 3 4 5
7 62 A 60 9
7 62 A 61 5
7 62 A 61 6
7 62 R 60 4 3 4 5 9
7 62 R 60 4 3 4 5 9
7 62 R 59 2 4 10
3 63 A 73 1
3 63 A 71 5
3 63 A 72 9
19 64 A 74 4
19 64 A 75 1
6 65 A 68 8
6 65 R 68 2 7 8
6 65 A 68 9
6 65 A 69 2
6 65 A 69 3
6 65 A 47 9
6 65 A 68 10
6 65 A 63 10
6 65 R 69 2 2 3
6 66 R 81 0
16 67 A 80 6
16 67 R 80 1 6
10 68 R 71 1 5
10 68 A 81 2
10 68 R 81 1 2
3 69 R 75 1 1
3 69 A 75 10
3 69 R 75 2 1 10
3 69 A 77 1
3 69 R 74 1 4
3 69 A 74 10
3 69 A 71 6
3 69 A 76 1
3 69 A 78 1
19 70 A 79 5
19 70 R 79 1 5
19 70 A 79 6
19 70 A 79 7
19 70 A 79 8
19 70 R 79 4 5 6 7 8
19 70 R 79 4 5 6 7 8
19 70 A 79 9
19 70 R 3 0
19 70 R 78 0
23 71 A 83 3
23 71 A 84 10
23 71 R 83 1 3
23 71 R 85 0
23 71 R 85 0
17 72 R 89 0
10 73 A 89 1
10 73 A 89 2
10 73 A 85 9
10 73 A 83 6
20 74 A 91 4
20 74 R 94 0
15 75 A 93 4
15 75 R 94 0
6 76 R 91 0
6 76 A 94 2
6 76 A 94 3
20 77 R 93 1 4
20 77 R 91 1 4
17 78 R 92 0
17 78 A 87 4
17 78 R 92 0
17 78 A 92 9
17 78 R 91 0
17 78 R 93 0
17 78 A 92 10
16 79 A 96 2
16 79 A 96 3
2 80 R 92 0
2 80 R 92 0
2 80 A 90 10
2 80 R 90 1 10
2 80 R 90 1 10
2 80 A 88 2
2 80 R 92 0
2 80 R 92 0
2 80 R 91 0
2 80 R 90 1 10
20 81 R 97 0
20 81 A 96 5
17 82 A 87 8
17 82 A 97 1
5 83 A 86 3
5 83 A 86 4
5 83 R 86 2 3 4
5 83 R 76 1 1
5 83 R 85 0
5 83 R 86 2 3 4
5 83 R 86 2 3 4
5 83 R 86 2 3 4
5 83 R 86 2 3 4
5 83 R 86 2 3 4
5 83 R 83 1 3
5 83 R 86 2 3 4
5 83 R 3 0
5 83 R 86 2 3 4
5 83 A 86 5
5 83 A 86 6
2 84 A 99 4
2 84 A 98 5
2 84 R 99 1 4
23 85 R 101 0
23 85 A 100 1
23 85 R 101 0
23 85 R 88 1 2
9 86 R 102 0
9 86 R 102 0
9 86 R 100 0
9 86 R 3 0
17 87 R 103 0
17 87 A 88 6
17 87 A 103 5
10 88 R 103 0
10 88 R 102 0
10 88 R 98 1 5
10 88 R 103 0
10 88 R 103 0
15 89 A 107 4
15 89 R 107 1 4
15 89 A 106 6
1 90 R 99 1 4
1 90 A 99 8
1 90 A 99 9
1 90 A 99 10
1 90 A 102 1
1 90 R 102 1 1
20 91 A 111 5
12 92 A 106 8
12 92 A 88 8
12 92 A 107 9
12 92 A 107 10
17 93 A 108 2
17 93 R 88 2 2 6
17 93 R 109 0
17 93 R 109 0
17 93 A 109 2
3 94 R 88 3 2 6 8
3 94 R 114 0
2 95 A 112 5
2 95 A 88 9
2 95 A 112 6
22 96 A 113 5
7 97 A 108 9
7 97 R 116 0
19 98 R 118 0
19 98 R 113 1 5
19 98 R 118 0
21 99 R 116 0
21 99 R 116 0
21 99 A 116 5
21 99 R 108 2 2 9
21 99 R 116 1 5
21 100 R 122 0
2 101 R 116 0
2 101 R 116 0
2 101 R 116 0
2 101 A 117 1
2 101 A 115 1
2 101 R 116 0
2 101 R 116 0
10 102 A 120 7
10 102 R 120 1 7
10 102 R 120 1 7
10 102 A 120 8
10 102 R 120 2 7 8
15 103 R 125 0
8 104 A 3 6
8 104 A 122 8
8 104 R 122 1 8
8 104 A 122 9
16 105 R 123 0
18 106 A 125 1
18 106 A 125 2
18 106 A 117 8
18 106 A 123 9
8 107 R 129 0
22 108 R 116 0
22 108 A 113 8
22 108 A 113 9
22 108 R 100 1 1
22 108 A 100 7
22 108 R 113 3 5 8 9
22 108 R 113 3 5 8 9
22 108 A 118 1
22 108 A 113 10
22 108 A 118 2
22 108 R 117 0
22 108 R 118 2 1 2
22 108 A 118 3
22 108 R 115 0
13 109 A 132 6
15 110 A 129 2
15 110 A 127 1
15 110 A 129 3
15 110 A 131 1
15 110 R 127 1 1
5 111 A 128 1
5 111 R 125 2 1 2
5 111 R 127 0
5 111 A 128 2
9 112 R 119 0
9 112 A 119 10
9 112 R 120 0
9 112 R 120 0
9 112 R 105 0
9 112 A 121 1
9 112 R 121 1 1
9 112 R 105 0
9 112 R 100 1 1
9 112 A 121 2
9 112 R 121 2 1 2
9 112 R 120 0
9 112 A 121 3
19 113 R 129 0
19 113 R 100 1 1
19 113 R 132 0
19 113 R 132 0
10 114 R 126 0
10 114 R 126 0
10 114 A 126 1
10 114 R 126 1 1
10 114 R 126 1 1
10 114 A 126 2
10 114 R 126 2 1 2
10 114 A 126 3
10 114 A 126 4
10 114 A 126 5
2 115 R 135 0
20 116 R 129 2 2 3
20 116 R 124 0
20 116 R 124 0
20 116 A 134 1
2 117 R 137 0
23 118 A 138 3
23 118 A 138 4
23 118 A 139 7
20 119 R 139 0
20 119 R 139 0
20 119 R 139 0
21 120 R 136 0
21 120 R 133 0
21 120 R 136 0
21 120 R 133 0
21 120 R 130 0
15 121 A 135 4
15 121 R 127 1 1
15 121 A 135 5
15 121 A 133 4
15 121 R 135 2 4 5
15 121 A 133 5
15 121 A 135 6
15 121 A 135 7
15 121 R 135 4 4 5 6 7
15 121 A 135 8
15 121 R 135 5 4 5 6 7 8
19 122 R 124 0
19 122 R 136 0
19 122 R 136 0
19 122 A 124 8
19 122 R 136 0
3 123 A 140 1
3 123 R 140 1 1
3 123 A 140 2
3 123 A 140 3
3 123 R 139 1 7
3 123 R 140 3 1 2 3
6 124 R 143 0
6 124 A 143 1
6 124 R 100 2 1 7
7 125 A 145 1
7 125 R 145 1 1
7 125 R 137 0
7 125 A 137 10
19 126 R 143 0
19 126 A 144 6
19 126 R 143 0
22 127 A 145 4
22 127 A 130 6
22 127 R 146 0
22 127 A 145 5
22 127 R 146 0
13 128 A 150 2
13 128 R 151 0
6 129 R 148 0
6 129 A 147 2
4 130 R 142 0
4 130 R 150 1 2
4 130 A 147 10
7 131 A 148 8
7 131 R 146 0
7 131 A 148 9
7 131 R 148 2 8 9
7 131 A 148 10
7 131 R 148 3 8 9 10
9 132 A 151 9
9 132 A 151 10
9 132 A 150 3
9 132 A 150 4
17 133 R 156 0
8 134 A 152 1
8 134 R 152 1 1
8 134 R 152 1 1
8 134 R 152 1 1
1 135 R 154 0
1 135 A 156 1
24 136 R 156 1 1
24 136 R 156 1 1
18 137 R 156 0
18 137 A 155 3
20 138 A 156 4
20 138 A 153 3
3 139 A 159 8
9 140 R 160 0
9 140 R 159 0
5 141 A 156 5
5 141 R 155 1 3
5 141 A 156 6
1 142 R 159 0
1 142 A 142 9
1 142 R 160 0
1 142 R 160 0
13 143 A 153 6
13 143 R 161 0
13 143 R 162 0
2 144 R 163 0
2 144 A 163 7
12 145 A 166 3
12 145 R 167 0
12 145 R 142 1 9
12 145 A 166 4
9 146 R 170 0
9 146 R 170 0
9 146 R 170 0
9 146 A 170 7
18 147 R 173 0
18 147 R 174 0
19 148 R 171 0
19 148 R 171 0
19 148 R 171 0
5 149 R 162 0
5 149 R 153 2 3 6
5 149 A 163 9
5 149 A 162 9
5 149 R 163 2 7 9
5 149 R 163 2 7 9
5 149 R 158 0
5 149 A 158 3
5 149 R 163 2 7 9
5 149 A 163 10
5 149 R 162 1 9
5 149 A 162 10
5 149 A 158 4
11 150 A 171 7
11 150 A 171 8
11 150 A 172 2
11 150 A 172 3
11 150 R 171 2 7 8
13 151 R 173 0
13 151 A 173 8
13 151 A 173 9
13 151 R 171 0
8 152 R 168 0
8 152 A 3 10
8 152 R 176 0
8 152 R 176 0
8 152 R 176 0
22 153 R 178 0
22 153 A 178 2
22 153 A 178 3
24 154 R 181 0
6 155 A 182 7
6 155 R 182 1 7
20 156 A 175 3
20 156 R 177 0
20 156 A 177 4
20 156 R 177 1 4
20 156 R 174 0
20 156 A 176 5
20 156 R 176 1 5
20 156 A 177 5
4 157 R 175 0
4 157 R 181 0
4 157 A 180 6
4 157 R 181 0
4 157 R 181 0
4 157 R 180 1 6
4 157 R 181 0
4 157 A 181 1
4 157 R 175 0
4 157 A 180 7
20 158 R 186 0
20 158 A 187 1
24 159 A 186 5
24 159 A 185 6
24 159 A 185 7
24 159 A 185 8
4 160 A 187 7
4 160 A 187 8
4 160 R 186 0
2 161 A 190 6
10 162 A 193 3
10 162 R 192 0
10 162 A 188 9
8 163 R 194 0
8 163 R 194 0
8 163 A 191 5
8 163 A 191 6
8 163 R 194 0
12 164 A 195 9
12 164 A 198 6
12 164 A 195 10
12 164 R 195 2 9 10
1 165 R 189 0
1 165 A 189 2
1 165 R 189 1 2
1 165 A 184 6
1 165 R 188 0
1 165 R 189 1 2
1 165 A 189 3
1 165 R 188 0
1 165 R 188 0
1 165 A 189 4
1 165 R 184 1 6
1 165 R 189 3 2 3 4
1 165 R 188 0
1 165 A 189 5
1 165 R 188 0
20 166 A 200 2
20 166 A 199 6
20 166 R 200 1 2
20 166 A 200 3
20 166 R 191 0
20 166 R 199 1 6
20 166 A 199 7
20 166 A 200 4
17 167 R 204 0
17 167 R 204 0
17 167 R 201 0
17 167 R 204 0
17 167 A 201 8
3 168 R 203 0
3 168 R 202 0
3 168 A 202 8
3 168 R 202 1 8
3 168 A 157 5
3 168 R 197 0
7 169 R 205 0
7 169 A 206 1
7 169 R 206 1 1
7 169 R 197 0
7 169 A 206 2
1 170 A 204 9
1 170 A 204 10
1 170 R 204 2 9 10
1 170 R 204 2 9 10
1 170 A 205 1
1 170 R 206 0
1 170 R 206 0
10 171 A 208 4
10 171 R 208 1 4
2 172 A 209 5
2 172 A 209 6
20 173 A 213 8
20 173 A 213 9
22 174 A 157 6
22 174 R 212 0
22 174 A 211 2
22 174 R 210 0
22 174 A 210 10
16 175 A 216 9
16 175 A 216 10
12 176 A 220 2
9 177 R 212 0
9 177 A 212 8
9 177 R 214 0
9 177 R 214 0
9 177 R 212 1 8
9 177 R 212 1 8
9 177 R 214 0
9 177 R 211 0
9 177 A 203 8
8 178 R 215 0
8 178 A 214 9
8 178 R 203 0
8 178 A 214 10
8 178 R 215 0
8 178 R 214 2 9 10
8 178 R 215 0
8 178 R 214 2 9 10
8 178 R 211 1 2
8 178 A 215 1
1 179 R 218 0
1 179 A 217 5
1 179 R 218 0
1 179 R 217 1 5
1 179 A 217 6
1 179 A 217 7
1 179 R 218 0
21 180 A 224 7
21 180 A 225 1
21 180 R 223 0
21 180 A 224 8
10 181 R 224 0
10 181 R 224 0
10 181 A 219 10
10 181 R 224 0
7 182 A 221 1
7 182 A 222 6
7 182 R 222 1 6
7 182 R 219 0
7 182 A 223 1
7 182 A 223 2
7 182 R 222 1 6
7 182 R 223 2 1 2
4 183 R 227 0
4 183 A 229 1
4 183 R 230 0
15 184 R 233 0
15 184 A 235 2
13 185 A 231 6
5 186 R 232 0
5 186 A 232 10
5 186 A 230 1
5 186 R 232 1 10
23 187 R 220 0
23 187 R 218 0
23 187 R 218 0
23 187 A 183 5
23 187 A 218 2
23 187 R 220 0
23 187 R 157 2 5 6
23 187 A 218 3
23 187 R 220 0
23 187 R 220 0
23 187 R 220 0
23 187 A 218 4
23 187 A 174 8
20 188 R 226 0
20 188 R 226 0
20 188 A 226 9
20 188 A 226 10
20 188 A 225 8
20 188 R 221 0
20 188 R 227 0
20 188 A 228 1
20 188 A 228 2
20 188 R 228 2 1 2
20 188 R 228 2 1 2
20 188 R 227 0
6 189 A 227 8
6 189 R 229 1 1
6 189 A 229 2
6 189 R 227 1 8
6 189 A 229 3
6 189 R 225 1 1
19 190 R 231 0
19 190 R 235 1 2
19 190 R 235 1 2
19 190 A 236 1
19 190 R 236 1 1
19 190 A 235 10
2 191 A 230 9
5 192 R 237 0
5 192 R 237 0
5 192 R 237 0
5 192 A 237 9
19 193 A 240 2
19 193 R 240 1 2
11 194 R 238 0
11 194 A 238 10
11 194 R 240 0
14 195 R 238 0
14 195 A 241 1
14 195 A 241 2
14 195 R 241 2 1 2
14 195 A 241 3
14 195 R 241 3 1 2 3
8 196 A 242 10
8 196 R 242 1 10
8 196 A 243 3
19 197 A 244 4
19 197 R 244 1 4
15 198 R 230 2 1 9
15 198 A 239 8
15 198 A 243 4
15 198 R 230 2 1 9
15 198 R 239 1 8
15 198 R 239 1 8
7 199 R 251 0
7 199 A 253 1
7 199 A 251 2
7 199 R 251 1 2
16 200 A 157 10
16 200 A 245 3
16 200 R 251 0
16 200 R 247 0
5 201 R 251 1 2
5 201 R 251 1 2
23 202 R 250 0
23 202 A 250 2
23 202 R 250 1 2
23 202 R 250 1 2
23 202 A 250 3
23 202 A 234 9
23 202 R 250 2 2 3
23 202 R 249 0
11 203 A 255 2
11 203 A 254 9
1 204 R 254 0
1 204 R 245 1 3
1 204 R 254 0
1 204 R 252 0
3 205 R 255 0
3 205 R 247 0
3 205 A 256 6
11 206 R 260 0
15 207 R 253 1 1
15 207 R 252 0
15 207 R 253 1 1
15 207 A 251 8
15 207 R 251 2 2 8
15 207 R 251 2 2 8
15 207 A 253 3
19 208 A 248 5
19 208 R 248 1 5
19 208 A 247 1
19 208 A 247 2
19 208 A 248 6
19 208 A 248 7
19 208 A 248 8
19 208 R 249 0
19 208 R 249 0
19 208 A 248 9
19 208 R 248 5 5 6 7 8 9
14 209 A 258 6
14 209 A 245 8
14 209 A 259 7
14 209 R 259 1 7
18 210 A 252 5
18 210 A 260 5
18 210 R 262 0
18 210 A 263 3
17 211 A 262 8
17 211 A 263 7
17 211 A 262 9
4 212 R 266 0
4 212 R 266 0
4 212 R 257 0
4 212 R 266 0
10 213 A 255 6
10 213 A 256 7
10 213 R 256 2 6 7
10 213 A 255 7
10 213 R 255 3 2 6 7
10 213 R 255 3 2 6 7
10 213 R 255 3 2 6 7
10 213 R 256 2 6 7
10 213 A 255 8
10 213 R 247 0
10 213 R 256 2 6 7
10 213 A 256 8
2 214 R 268 0
22 215 R 266 0
22 215 A 266 3
22 215 R 266 1 3
22 215 A 267 5
22 215 R 260 1 5
22 215 R 267 1 5
13 216 R 265 0
13 216 A 257 3
13 216 A 265 8
13 216 R 265 1 8
13 216 A 252 7
13 216 R 266 0
13 216 R 252 2 5 7
13 216 R 266 0
13 216 R 266 0
13 216 A 265 9
5 217 A 273 6
5 217 R 183 1 5
15 218 R 268 0
15 218 A 269 1
15 218 R 268 0
15 218 A 268 5
15 218 R 268 1 5
15 218 R 266 0
15 218 R 252 1 5
15 218 R 266 0
15 218 A 269 2
13 219 R 277 0
3 220 R 277 0
3 220 R 277 0
3 220 R 277 0
3 220 A 277 9
3 220 R 277 1 9
4 221 A 271 3
4 221 A 264 5
4 221 A 270 4
4 221 R 269 0
4 221 A 270 5
4 221 A 271 4
4 221 R 271 2 3 4
11 222 R 274 0
11 222 A 274 8
11 222 A 274 9
11 222 A 274 10
11 222 R 277 0
11 222 R 277 0
15 223 R 278 0
15 223 R 278 0
15 223 A 280 1
11 224 A 281 5
11 224 R 281 1 5
11 224 R 282 0
3 225 A 280 9
3 225 A 278 7
15 226 A 282 2
15 226 A 283 2
6 227 A 279 2
6 227 A 284 3
6 227 R 284 1 3
20 228 A 285 6
20 228 A 285 7
20 228 R 285 2 6 7
6 229 R 286 0
1 230 R 286 0
1 230 R 286 0
1 230 A 286 4
1 230 R 288 0
2 231 A 287 5
2 231 R 287 1 5
2 231 A 287 6
2 231 R 287 2 5 6
2 231 R 283 1 2
2 231 A 287 7
2 231 A 287 8
2 231 R 287 4 5 6 7 8
2 231 A 287 9
2 231 R 287 5 5 6 7 8 9
13 232 A 257 6
13 232 A 288 10
13 232 R 286 0
13 232 A 290 1
13 232 A 289 1
13 233 R 294 0
7 234 R 283 1 2
7 234 R 286 0
7 234 R 288 0
7 234 R 286 0
7 234 R 288 0
7 234 R 289 0
7 234 R 288 0
7 234 R 288 0
7 234 R 288 0
22 235 R 291 0
22 235 R 291 0
22 235 R 276 0
22 235 R 292 0
22 235 A 279 6
22 235 A 291 8
22 235 R 279 2 2 6
12 236 A 294 7
12 236 A 293 1
12 236 R 294 1 7
12 236 R 294 1 7
12 236 R 292 0
12 236 R 294 1 7
21 237 A 296 3
22 238 A 299 6
2 239 R 299 1 6
2 239 R 298 0
14 240 A 297 4
14 240 R 299 1 6
14 240 R 299 1 6
14 240 A 298 4
14 240 R 298 1 4
14 240 A 299 10
10 241 A 298 9
10 241 A 298 10
17 242 R 305 0
17 242 R 305 0
17 242 R 305 0
22 243 R 300 0
22 243 R 298 1 4
22 243 A 300 4
5 244 A 303 7
5 244 R 303 1 7
5 244 A 303 8
5 244 A 293 8
5 244 R 303 2 7 8
5 244 R 303 2 7 8
5 244 R 301 0
23 245 R 307 0
21 246 R 304 0
21 246 A 306 1
21 246 R 297 1 4
22 247 R 307 0
22 247 R 310 0
7 248 R 296 1 3
7 248 R 296 1 3
7 248 R 292 0
7 248 A 296 6
7 248 A 292 9
7 248 A 296 7
7 248 A 183 9
7 248 R 297 0
7 248 A 292 10
7 248 R 297 0
7 248 R 297 0
7 248 A 296 8
7 248 R 296 4 3 6 7 8
7 248 A 296 9
14 249 R 305 0
14 249 A 305 3
14 249 R 305 1 3
14 249 A 305 4
14 249 A 305 5
14 249 A 297 10
14 249 A 305 6
14 249 R 305 4 3 4 5 6
14 250 R 314 0
14 250 R 315 0
20 251 A 314 9
23 252 A 310 9
23 252 A 310 10
23 252 R 310 2 9 10
23 252 R 312 0
2 253 A 169 5
2 253 A 319 6
19 254 R 317 0
19 254 A 320 3
19 254 R 321 0
13 255 R 307 0
13 255 R 315 0
13 255 R 314 1 9
13 255 R 314 1 9
13 255 R 314 1 9
13 255 A 315 2
13 255 A 315 3
17 256 R 308 0
17 256 R 308 0
17 256 R 307 0
17 256 A 309 1
17 256 R 308 0
17 256 R 308 0
17 256 R 308 0
17 256 R 309 1 1
17 256 R 308 0
17 256 A 309 2
17 256 A 307 3
17 256 R 308 0
17 256 A 309 3
17 256 A 309 4
17 256 R 308 0
17 256 R 308 0
22 257 A 312 2
22 257 R 312 1 2
22 257 R 313 0
22 257 A 313 7
22 257 R 312 1 2
22 257 A 313 8
22 257 A 312 3
22 257 R 313 2 7 8
22 257 R 313 2 7 8
22 257 A 313 9
22 257 R 307 0
22 257 A 313 10
22 257 A 312 4
22 257 R 312 3 2 3 4
22 257 R 314 0
17 258 A 311 8
17 258 A 323 6
17 258 R 323 1 6
17 258 A 323 7
17 258 R 323 2 6 7
9 259 A 320 7
9 259 A 320 8
9 259 R 321 0
9 259 R 311 0
9 259 A 320 9
9 259 A 320 10
9 259 R 322 0
9 259 R 321 0
9 259 A 321 3
9 259 A 321 4
17 260 R 329 0
21 261 R 324 0
21 261 A 324 9
18 262 A 329 1
18 262 R 328 0
8 263 R 329 0
8 263 R 328 0
8 263 A 328 3
18 264 R 333 0
3 265 R 332 0
3 265 A 332 2
3 265 A 332 3
3 265 A 329 8
3 265 R 332 2 2 3
16 266 R 323 0
16 266 R 326 0
16 266 A 326 1
16 266 R 325 0
16 266 A 326 2
16 266 A 326 3
16 266 R 326 3 1 2 3
16 266 R 325 0
16 266 A 326 4
16 266 R 311 0
16 266 R 326 4 1 2 3 4
16 266 R 326 4 1 2 3 4
12 267 A 334 3
16 268 R 334 1 3
14 269 A 333 2
14 269 R 257 2 3 6
14 269 A 333 3
14 269 R 325 0
14 269 R 329 1 1
14 269 A 333 4
14 269 A 333 5
15 270 A 327 3
15 270 A 335 7
15 270 R 337 0
12 271 R 330 0
12 271 A 339 2
12 271 A 338 6
2 272 R 337 0
2 272 A 340 4
2 272 A 337 5
2 272 A 340 5
2 272 A 337 6
2 272 A 340 6
2 272 R 330 0
24 273 R 341 0
24 273 R 341 0
24 273 R 339 0
24 273 A 336 2
24 273 A 341 4
24 273 R 341 1 4
24 273 R 341 1 4
6 274 A 344 8
6 274 R 349 0
24 275 R 330 0
24 275 A 348 4
24 275 A 348 5
22 276 R 344 0
22 276 R 346 0
22 276 A 346 10
22 276 R 349 0
22 276 A 349 1
4 277 A 342 9
4 277 A 345 5
4 277 R 344 0
4 277 A 345 6
4 277 A 345 7
4 277 R 344 0
4 277 R 345 3 5 6 7
4 277 R 342 1 9
14 278 A 351 1
6 279 A 350 4
6 279 R 349 1 1
15 280 A 352 4
15 280 R 353 0
20 281 A 350 7
20 281 A 350 8
20 281 R 349 1 1
20 281 R 1 0
20 281 A 349 10
20 281 R 351 0
12 282 A 354 7
12 282 R 354 1 7
12 282 R 353 0
3 283 A 358 1
3 283 A 352 5
3 283 R 358 1 1
3 283 A 358 2
19 284 A 361 6
19 284 R 360 0
19 284 R 360 0
19 284 A 362 4
19 284 R 361 1 6
23 285 A 353 6
23 285 R 354 0
23 285 R 353 1 6
23 285 R 355 0
23 285 R 355 0
23 285 R 355 0
23 285 R 354 0
23 285 R 354 0
23 285 A 355 2
23 285 R 353 1 6
23 285 R 354 0
23 285 R 354 0
8 286 R 363 0
8 286 A 336 7
8 286 A 363 9
19 287 A 360 8
19 287 R 366 0
19 287 A 365 8
22 288 R 367 0
22 288 R 368 0
23 289 R 366 0
23 289 A 367 2
19 290 A 369 10
10 291 A 375 1
19 292 A 371 10
19 292 R 373 0
19 292 A 372 4
5 293 R 367 1 2
5 293 A 367 6
5 293 R 369 0
5 293 R 368 0
12 294 R 372 1 4
12 294 R 375 1 1
12 294 A 375 2
12 294 R 375 2 1 2
12 294 R 375 2 1 2
12 294 R 375 2 1 2
14 295 R 376 0
14 295 A 377 4
14 295 R 377 1 4
18 296 R 336 2 2 7
18 296 R 382 0
24 297 A 364 8
24 297 R 372 1 4
24 297 R 373 0
24 297 A 364 9
24 297 R 376 0
24 297 A 364 10
24 297 A 376 1
24 297 R 376 1 1
22 298 R 382 0
22 298 A 382 1
22 298 R 331 0
22 298 R 382 1 1
22 298 A 380 3
22 298 R 381 0
22 298 R 336 2 2 7
20 299 A 381 5
20 299 A 383 5
20 299 R 380 0
24 300 A 387 1
24 300 R 386 0
24 300 R 387 1 1
1 301 R 379 0
1 301 A 379 8
1 301 A 379 9
1 301 A 379 10
1 301 R 381 0
1 301 R 379 3 8 9 10
12 302 R 381 0
12 302 R 381 0
12 302 A 356 9
20 303 R 378 0
22 304 A 386 9
22 304 R 386 1 9
22 304 R 387 1 1
8 305 A 378 5
8 305 A 388 1
8 305 A 378 6
8 305 R 388 1 1
24 306 A 378 10
17 307 R 380 1 3
17 307 R 378 0
17 307 R 387 1 1
17 307 R 378 0
17 307 R 380 1 3
1 308 A 388 6
1 308 R 387 1 1
22 309 R 389 0
22 309 A 390 5
11 310 R 386 0
11 310 R 380 1 3
11 310 R 386 0
11 310 R 386 0
11 310 A 387 4
8 311 A 384 1
21 312 A 395 6
21 312 R 391 0
20 313 A 392 3
20 313 R 392 1 3
20 313 A 389 4
20 313 R 392 1 3
20 313 A 392 4
20 313 A 392 5
8 314 R 396 0
8 314 R 397 0
8 314 R 396 0
8 314 R 393 0
1 315 R 394 0
1 315 R 391 0
1 315 R 392 0
1 315 R 392 0
12 316 R 398 0
12 316 A 398 3
12 316 A 398 4
12 316 A 394 5
12 316 R 394 1 5
9 317 A 393 5
9 317 R 396 0
9 317 R 397 0
9 317 A 396 8
6 318 R 400 0
6 318 R 400 0
16 319 R 394 1 5
16 319 A 384 6
8 320 R 385 0
4 321 R 402 0
4 321 R 393 1 5
4 321 A 400 8
10 322 R 400 0
10 322 R 402 0
10 322 A 402 4
24 323 A 399 10
24 323 A 394 8
24 323 R 400 0
24 323 A 394 9
24 323 R 400 0
24 323 R 384 1 1
24 323 R 399 1 10
24 323 A 394 10
24 324 A 401 9
11 325 R 406 0
9 326 A 331 2
9 326 R 406 0
9 326 A 407 1
9 326 R 406 0
9 326 R 407 1 1
4 327 A 406 3
4 327 R 407 0
4 327 A 406 4
4 327 A 406 5
4 327 A 406 6
1 328 R 404 0
1 328 A 404 8
1 328 R 405 0
1 328 A 404 9
1 328 R 401 0
1 328 R 401 0
1 328 R 401 0
1 328 A 404 10
1 328 R 393 1 5
1 328 R 406 0
1 328 R 406 0
1 328 R 406 0
10 329 R 415 0
11 330 R 411 0
11 330 A 410 8
11 330 R 412 0
11 330 A 409 5
11 330 R 411 0
11 330 R 410 1 8
11 330 R 410 1 8
11 330 R 411 0
12 331 A 408 4
12 331 R 415 0
4 332 R 409 0
4 332 R 414 0
4 332 R 414 0
4 332 R 414 0
4 332 R 414 0
8 333 R 414 0
8 333 R 415 0
8 333 R 408 0
8 333 R 415 0
8 333 A 415 8
22 334 A 408 8
22 334 A 419 7
22 334 A 416 8
22 334 A 419 8
22 334 A 419 9
22 334 A 419 10
15 335 A 414 8
15 335 A 413 9
15 335 R 414 1 8
15 335 R 414 1 8
15 335 R 413 1 9
15 335 R 414 1 8
15 335 R 413 1 9
15 335 A 413 10
15 335 R 413 2 9 10
24 336 R 416 0
24 336 R 418 0
24 336 R 418 0
24 336 A 418 4
24 336 R 418 1 4
24 336 A 417 2
2 337 R 424 0
2 337 R 424 0
2 337 A 423 2
15 338 R 429 0
15 338 A 429 7
6 339 R 331 1 2
19 340 R 416 0
19 340 R 420 0
19 340 R 412 0
19 340 A 421 7
19 340 A 420 3
19 340 R 416 0
19 340 A 421 8
19 340 A 420 4
19 340 R 421 2 7 8
19 340 A 420 5
3 341 A 433 5
3 341 A 428 9
3 341 R 433 1 5
3 341 R 428 1 9
7 342 A 431 6
7 342 A 431 7
7 342 R 431 2 6 7
24 343 R 433 1 5
24 343 R 428 1 9
24 343 A 433 8
24 343 R 433 2 5 8
9 344 R 426 0
9 344 R 425 0
9 344 R 425 0
9 344 A 425 5
9 344 A 425 6
9 344 R 425 2 5 6
9 344 R 425 2 5 6
9 344 R 425 2 5 6
9 344 A 425 7
9 344 R 425 3 5 6 7
9 344 A 426 5
9 344 R 425 3 5 6 7
9 344 R 412 0
9 344 R 423 0
18 345 R 423 1 2
18 345 R 426 0
18 345 A 427 4
18 345 R 423 1 2
18 345 R 427 1 4
18 345 A 427 5
18 345 R 423 1 2
18 345 A 427 6
18 345 A 422 5
18 345 R 427 3 4 5 6
18 345 R 422 1 5
18 345 A 427 7
18 345 R 423 1 2
24 346 A 434 3
24 346 A 434 4
9 347 R 436 0
9 347 R 436 0
20 348 A 432 6
20 348 R 434 2 3 4
20 348 R 434 2 3 4
18 349 R 436 0
18 349 A 436 7
10 350 A 430 4
10 350 A 430 5
10 350 R 430 2 4 5
10 350 A 430 6
10 350 A 412 5
10 350 R 430 3 4 5 6
10 350 A 430 7
10 350 R 428 0
10 350 R 422 0
10 350 R 430 4 4 5 6 7
10 350 R 428 0
10 350 A 430 8
10 350 A 430 9
20 351 R 440 0
9 352 A 437 2
2 353 A 434 9
2 353 R 434 3 3 4 9
2 353 A 434 10
2 353 R 434 4 3 4 9 10
2 353 A 435 2
2 353 R 423 1 2
2 353 R 436 0
13 354 A 438 10
13 354 R 439 0
13 354 R 437 0
13 354 R 437 0
13 354 A 440 1
2 355 A 443 6
20 356 A 442 7
20 356 R 442 1 7
20 356 R 441 0
1 357 R 441 0
1 357 A 441 7
1 357 R 441 1 7
1 357 A 444 1
13 358 A 443 10
13 358 R 443 2 6 10
6 359 R 439 0
6 359 R 331 1 2
6 359 R 412 1 5
6 359 R 444 1 1
6 359 R 447 0
18 360 A 437 7
18 360 A 437 8
18 360 R 439 0
18 360 R 441 0
18 360 A 437 9
4 361 R 445 0
4 361 R 447 0
1 362 R 444 1 1
1 362 R 444 1 1
6 363 A 439 3
6 363 A 448 10
6 363 R 448 1 10
7 364 A 444 10
18 365 R 451 0
18 365 R 450 0
18 365 R 451 0
22 366 A 445 1
22 366 A 445 2
22 366 A 385 10
22 366 R 445 2 1 2
22 366 A 446 10
22 366 R 445 2 1 2
22 366 R 447 0
22 366 R 447 0
22 366 R 444 0
22 366 A 447 1
13 367 A 449 4
13 367 A 449 5
13 367 A 449 6
13 367 R 450 0
13 367 A 449 7
13 367 R 449 4 4 5 6 7
13 367 R 450 0
13 367 R 444 1 1
18 368 A 456 3
19 369 A 450 5
19 369 R 451 0
19 369 A 451 3
19 369 R 444 1 1
19 369 R 439 1 3
19 369 A 451 4
19 369 A 439 4
20 370 R 453 0
20 370 A 454 3
18 371 R 455 0
23 372 A 452 5
15 373 R 454 0
15 373 R 456 0
15 373 R 456 0
15 373 R 456 0
15 373 R 439 1 3
15 373 R 456 0
15 373 R 454 0
15 373 R 452 0
15 373 R 456 0
15 373 R 454 0
15 373 R 456 0
9 374 A 453 7
9 374 R 453 1 7
9 374 R 454 0
9 374 R 454 0
9 374 R 453 1 7
9 374 A 453 8
9 374 R 453 2 7 8
9 374 R 453 2 7 8
9 374 A 453 9
9 374 A 453 10
9 374 R 454 0
9 374 R 456 0
3 375 R 461 0
21 376 A 457 8
21 376 A 457 9
21 376 R 459 0
21 376 R 457 2 8 9
14 377 A 458 1
14 377 R 458 1 1
14 377 R 458 1 1
14 377 A 455 1
14 377 A 458 2
14 377 R 458 2 1 2
14 377 R 458 2 1 2
14 377 A 458 3
14 377 R 439 2 3 4
14 377 R 457 0
8 378 R 385 1 10
8 378 A 460 10
13 379 A 331 8
13 379 R 454 1 3
13 379 A 456 7
13 379 R 454 1 3
13 379 A 454 10
13 379 R 456 2 3 7
13 379 R 439 2 3 4
13 379 A 456 8
13 379 R 454 2 3 10
13 379 A 169 7
8 380 R 469 0
8 380 R 468 0
8 380 A 463 7
8 380 R 468 0
8 380 A 469 2
7 381 R 470 0
7 381 R 472 0
7 381 A 470 7
6 382 A 465 6
6 382 R 466 0
6 382 A 466 9
6 382 R 467 0
6 382 A 465 7
6 382 R 467 0
1 383 A 459 7
1 383 A 461 6
1 383 A 462 1
1 383 R 462 1 1
1 383 A 461 7
1 383 A 462 2
1 383 R 461 2 6 7
1 383 A 461 8
1 383 R 459 1 7
1 383 A 461 9
1 383 A 462 3
1 383 A 459 8
1 383 R 461 4 6 7 8 9
8 384 A 472 3
8 384 A 473 1
8 384 R 472 1 3
8 384 A 473 2
11 385 A 470 9
11 385 R 470 2 7 9
11 385 R 470 2 7 9
11 385 A 470 10
11 385 R 470 3 7 9 10
24 386 R 472 1 3
24 386 R 473 2 1 2
1 387 A 474 3
9 388 R 471 0
9 388 R 474 0
7 389 A 471 2
7 389 R 472 0
7 389 R 472 0
7 389 R 473 0
21 390 A 473 10
21 390 R 473 3 1 2 10
21 390 R 472 1 3
21 390 R 473 3 1 2 10
3 391 A 475 2
3 391 R 474 1 3
3 391 A 474 4
1 392 A 478 5
1 392 R 479 0
20 393 R 483 0
15 394 R 477 0
15 394 R 482 0
18 395 R 475 0
18 395 R 475 0
18 395 R 476 0
18 395 R 476 0
18 395 A 464 3
18 395 A 471 7
18 395 R 476 0
16 396 R 468 0
16 396 A 469 7
16 396 R 331 2 2 8
16 396 R 468 0
16 396 A 469 8
16 396 R 468 0
16 396 A 468 9
16 396 R 463 1 7
16 396 R 468 1 9
16 396 R 469 3 2 7 8
16 396 R 468 1 9
16 396 A 468 10
16 396 A 467 10
16 396 R 470 0
16 396 R 469 3 2 7 8
13 397 A 480 2
13 397 R 479 0
13 397 R 481 0
13 397 A 479 10
15 398 R 484 0
15 398 R 480 1 2
15 398 R 485 0
16 399 A 477 5
6 400 A 484 9
6 400 R 484 1 9
6 400 R 484 1 9
6 400 A 484 10
6 400 R 477 0
6 400 A 486 1
5 401 R 479 0
5 401 A 482 1
5 401 R 482 1 1
5 401 R 482 1 1
5 401 A 482 2
5 401 R 481 0
5 401 A 455 9
5 401 R 481 0
5 401 R 482 2 1 2
5 401 A 482 3
24 402 R 480 0
24 402 R 483 0
24 402 R 481 0
24 402 R 480 0
24 402 R 483 0
24 402 R 483 0
24 402 R 480 0
24 402 A 483 9
4 403 A 491 5
4 403 R 491 1 5
11 404 R 488 0
11 404 A 477 6
11 404 R 488 0
11 404 A 1 6
11 404 A 487 5
4 405 A 494 7
4 405 R 493 0
4 405 R 489 0
4 405 A 494 8
4 405 R 493 0
4 405 A 494 9
4 405 A 493 4
1 406 A 498 3
22 407 R 497 0
22 407 R 497 0
22 407 A 499 3
22 407 R 499 1 3
9 408 A 491 10
9 408 R 492 0
9 408 R 490 0
9 408 R 493 0
9 408 R 477 2 5 6
9 408 R 489 0
9 408 R 493 0
9 408 R 491 2 5 10
9 408 R 489 0
9 408 R 477 2 5 6
9 408 R 477 2 5 6
6 409 R 497 0
19 410 A 495 2
19 410 R 495 1 2
19 410 R 489 0
19 410 A 495 3
19 410 R 495 2 2 3
19 410 R 490 0
19 410 R 495 2 2 3
9 411 R 502 0
9 411 R 490 0
9 411 R 498 1 3
12 412 R 490 0
12 412 R 502 0
12 412 A 501 10
12 412 R 501 1 10
24 413 A 490 4
24 413 A 503 1
24 413 A 503 2
24 413 A 502 1
24 413 A 502 2
24 413 R 503 2 1 2
12 414 A 508 2
12 414 A 507 1
10 415 A 500 8
10 415 R 500 1 8
10 415 R 490 0
10 415 A 500 9
10 415 R 500 2 8 9
10 415 R 500 2 8 9
10 415 R 500 2 8 9
10 415 A 500 10
23 416 R 506 0
23 416 A 508 6
23 416 R 508 2 2 6
7 417 A 496 3
7 417 R 496 1 3
7 417 A 496 4
7 417 A 496 5
7 417 R 489 0
7 417 A 496 6
7 417 A 496 7
7 417 A 493 10
7 417 R 496 5 3 4 5 6 7
7 417 A 496 8
7 417 R 169 2 5 7
7 417 R 496 6 3 4 5 6 7 8
7 417 R 497 0
7 417 R 496 6 3 4 5 6 7 8
7 417 R 496 6 3 4 5 6 7 8
3 418 R 511 0
3 418 R 512 0
3 418 R 512 0
3 418 A 509 5
17 419 A 169 9
17 419 A 505 6
17 419 R 505 1 6
17 419 R 505 1 6
17 419 R 507 0
17 419 R 507 0
17 419 A 506 1
18 420 R 512 0
18 420 R 513 0
18 420 A 513 3
18 420 A 512 9
18 420 R 169 2 5 7
18 420 R 513 1 3
18 420 A 513 4
18 421 R 518 0
18 421 R 506 1 1
12 422 R 515 0
12 422 A 515 2
12 422 A 515 3
12 422 R 515 2 2 3
12 422 A 515 4
12 422 R 515 3 2 3 4
12 422 R 514 0
12 422 A 515 5
12 422 A 515 6
20 423 A 518 8
2 424 R 516 0
2 424 A 520 3
6 425 R 520 0
6 425 R 516 0
6 425 R 520 0
6 425 R 518 0
1 426 A 510 2
1 426 A 507 6
1 426 A 510 3
1 426 A 510 4
1 426 R 509 0
1 426 R 507 2 1 6
1 426 A 490 6
1 426 A 510 5
1 426 R 510 4 2 3 4 5
1 426 R 464 1 3
9 427 R 516 0
9 427 A 516 3
9 427 R 506 1 1
9 427 A 516 4
9 427 A 169 10
9 427 R 517 0
9 427 R 516 2 3 4
9 427 A 516 5
9 427 R 514 0
9 427 A 517 3
5 428 R 522 0
5 428 R 516 0
5 428 R 522 0
5 429 R 526 0
5 429 R 525 0
10 430 A 522 1
10 430 A 522 2
10 430 R 522 2 1 2
10 430 R 521 0
14 431 R 525 0
14 431 A 526 4
17 432 R 527 0
17 432 A 523 2
17 432 R 524 0
8 433 A 464 9
8 433 R 525 0
8 433 R 525 0
8 433 R 523 0
8 433 A 525 1
8 433 R 525 1 1
8 433 R 521 0
8 433 A 525 2
8 433 R 525 2 1 2
15 434 R 527 0
15 434 R 526 0
15 434 A 524 9
15 434 A 527 3
18 435 A 531 4
18 435 R 531 1 4
14 436 A 528 10
14 436 R 528 1 10
14 436 A 529 3
14 436 R 528 1 10
9 437 R 536 0
9 437 R 530 0
9 437 R 535 0
5 438 A 536 1
5 438 R 536 1 1
5 438 A 530 3
5 438 R 536 1 1
17 439 R 535 0
17 439 A 535 3
17 439 A 523 7
17 439 R 536 0
12 440 A 537 4
12 440 R 537 1 4
12 440 R 537 1 4
12 440 A 537 5
5 441 A 539 4
5 441 R 532 0
5 441 A 539 5
5 441 R 532 0
5 441 A 539 6
5 441 A 535 10
5 441 R 523 2 2 7
5 441 A 539 7
14 442 R 540 0
14 442 R 540 0
14 442 A 541 7
14 442 A 541 8
14 442 R 541 2 7 8
14 442 R 541 2 7 8
14 442 R 540 0
14 442 R 540 0
22 443 A 543 2
21 444 A 531 8
21 444 A 531 9
21 444 R 531 3 4 8 9
21 444 R 529 1 3
21 444 R 531 3 4 8 9
21 444 A 531 10
21 444 A 534 1
21 444 R 534 1 1
21 444 R 534 1 1
21 444 R 534 1 1
21 444 A 533 1
21 444 A 534 2
21 444 R 530 0
24 445 R 536 1 1
24 445 R 536 1 1
24 445 R 535 0
24 445 R 530 1 3
24 445 A 530 6
24 445 R 523 1 2
24 445 A 536 8
24 445 R 536 2 1 8
21 446 A 544 7
21 446 R 549 0
21 446 R 532 0
21 446 R 532 0
24 447 A 549 7
24 447 R 549 1 7
24 447 A 533 4
16 448 A 550 3
16 448 R 550 1 3
16 448 R 545 0
10 449 A 547 3
10 449 R 547 1 3
10 449 R 547 1 3
10 449 A 547 4
10 449 R 547 2 3 4
10 449 R 547 2 3 4
10 449 A 547 5
10 449 A 547 6
10 449 A 547 7
10 449 A 547 8
10 449 R 547 6 3 4 5 6 7 8
10 449 R 544 0
17 450 A 557 7
5 451 A 545 5
5 451 R 554 0
5 451 R 556 0
5 451 R 556 0
24 452 R 554 0
24 452 R 554 0
24 452 A 556 3
24 452 A 554 8
24 452 R 545 0
24 452 R 556 1 3
22 453 R 553 0
22 453 R 504 0
22 453 R 554 0
9 454 A 553 5
9 454 R 533 2 1 4
9 454 R 553 1 5
9 454 R 554 0
15 455 R 551 0
15 455 A 544 10
15 455 A 552 1
15 455 R 545 0
15 455 A 552 2
15 455 A 1 7
15 455 R 551 0
15 455 R 551 0
15 455 R 544 2 7 10
15 455 R 551 0
24 456 A 545 8
24 456 R 559 0
14 457 R 560 0
14 457 R 558 0
10 458 A 556 9
10 458 R 557 1 7
10 458 R 556 2 3 9
18 459 R 566 0
18 459 A 566 9
22 460 A 532 8
22 460 A 532 9
22 460 A 559 7
22 460 R 558 0
3 461 R 545 2 5 8
3 461 R 533 2 1 4
3 461 A 563 5
3 461 R 560 0
1 462 R 565 0
1 462 A 533 8
12 463 A 562 10
12 463 R 566 1 9
12 463 R 567 0
12 463 R 567 0
12 463 A 567 1
12 463 R 560 0
12 463 R 566 1 9
12 463 R 566 1 9
21 464 A 558 7
21 464 R 545 2 5 8
21 464 A 561 6
21 464 R 558 1 7
21 464 A 558 8
21 464 A 558 9
21 464 R 561 1 6
21 464 R 561 1 6
21 464 R 560 0
21 464 R 558 3 7 8 9
21 464 R 561 1 6
21 464 A 561 7
21 464 A 561 8
18 465 R 570 0
18 465 A 565 3
18 465 A 570 3
18 465 A 570 4
18 465 R 565 1 3
18 465 R 567 0
11 466 R 571 0
11 466 A 571 3
11 466 A 571 4
11 466 R 571 2 3 4
11 466 A 571 5
11 466 A 571 6
11 466 R 571 4 3 4 5 6
11 466 R 569 0
11 466 A 569 3
11 466 A 571 7
11 466 R 572 0
11 466 R 572 0
11 466 A 571 8
17 467 R 574 0
17 467 A 574 4
17 467 A 574 5
17 467 R 574 2 4 5
17 467 A 572 9
17 467 A 572 10
17 467 R 572 2 9 10
14 468 R 578 0
14 468 R 578 0
14 468 A 564 7
20 469 A 581 1
2 470 A 578 7
2 470 R 577 0
2 470 R 577 0
2 470 A 578 8
2 470 A 577 10
2 470 A 575 4
16 471 A 573 4
16 471 R 1 2 6 7
16 471 R 504 0
16 471 A 573 5
16 471 R 555 0
16 471 R 573 2 4 5
16 471 A 573 6
16 471 R 569 0
16 471 R 572 0
16 471 R 572 0
19 472 A 580 10
19 472 R 565 1 3
19 472 A 579 3
19 472 A 579 4
16 473 R 583 0
15 474 R 581 1 1
15 474 A 581 5
24 475 A 584 10
24 475 R 584 1 10
24 475 R 584 1 10
16 476 R 583 0
16 476 A 583 8
16 476 R 583 1 8
9 477 A 585 6
9 477 A 585 7
9 477 R 583 0
9 477 R 582 0
11 478 R 582 0
11 478 R 589 0
11 478 R 582 0
11 478 A 587 6
12 479 R 588 0
12 479 R 588 0
8 480 R 590 0
24 481 A 590 2
24 481 R 588 0
24 481 A 591 3
24 481 A 591 4
24 481 R 591 2 3 4
20 482 R 598 0
19 483 A 598 5
9 484 R 588 0
9 484 R 589 0
9 484 R 592 0
9 484 R 592 0
9 484 A 592 7
9 484 R 593 0
9 484 A 593 2
3 485 R 597 0
3 485 R 597 0
3 485 A 586 2
3 485 A 597 5
8 486 A 596 2
8 486 A 595 3
8 486 A 595 4
8 486 R 589 0
8 486 A 596 3
8 486 R 595 2 3 4
8 486 A 596 4
8 486 A 589 4
23 487 A 555 1
23 487 R 599 0
23 487 A 599 8
7 488 A 602 2
3 489 R 589 1 4
3 489 A 600 6
3 489 R 601 0
5 490 A 601 5
5 490 R 600 0
5 491 R 607 0
5 491 R 607 0
6 492 A 603 7
6 492 R 604 0
6 492 A 604 9
6 492 R 604 1 9
1 493 R 610 0
1 493 A 610 7
18 494 A 606 6
18 494 R 613 0
18 494 A 613 5
18 494 A 613 6
18 494 A 602 10
23 495 A 612 6
2 496 R 607 0
2 496 A 607 3
2 496 A 607 4
2 496 A 607 5
2 496 R 602 1 2
2 496 R 607 3 3 4 5
2 496 R 603 0
2 496 R 607 3 3 4 5
2 496 R 603 0
2 496 A 607 6
2 496 R 607 4 3 4 5 6
2 496 R 607 4 3 4 5 6
2 496 A 605 1
18 497 A 605 3
18 497 R 612 1 6
7 498 R 615 0
7 498 R 615 0
7 498 A 606 10
7 498 R 615 0
20 499 R 617 0
20 499 A 617 2
20 499 R 608 0
20 499 R 616 0
3 500 A 619 3
3 500 A 618 2
3 500 R 618 1 2
3 500 A 618 3
3 500 A 619 4
3 500 R 606 1 6
9 501 A 621 6
9 501 A 622 2
9 501 A 605 6
9 501 A 621 7
17 502 A 615 9
17 502 R 614 0
17 502 A 615 10
17 502 R 606 1 6
17 502 A 616 2
17 502 R 616 1 2
17 502 R 615 2 9 10
17 502 A 614 4
17 502 A 616 3
17 502 A 608 4
17 502 A 616 4
23 503 R 625 0
23 503 R 627 0
23 503 R 627 0
23 503 R 628 0
7 504 A 623 8
7 504 R 623 1 8
7 504 R 622 0
7 504 A 623 9
7 504 R 623 2 8 9
7 504 R 623 2 8 9
7 504 A 623 10
21 505 A 629 4
10 506 R 628 0
10 506 R 625 0
10 506 R 627 0
10 506 R 627 0
10 506 R 627 0
9 507 A 625 6
9 507 R 625 1 6
9 507 A 628 7
9 507 R 628 1 7
9 507 A 628 8
9 507 A 628 9
9 507 A 628 10
23 508 R 629 1 4
1 509 R 626 0
1 509 A 626 10
1 509 R 627 0
1 509 R 625 0
1 509 A 627 2
1 509 A 627 3
2 510 R 608 1 4
2 510 A 625 10
23 511 A 622 9
23 511 R 631 0
9 512 R 631 0
9 512 R 631 0
12 513 A 631 2
12 513 R 631 1 2
1 514 A 632 4
1 514 R 630 0
1 514 R 633 0
11 515 R 629 1 4
11 515 R 629 1 4
11 515 R 622 1 2
11 515 A 627 9
11 515 R 627 3 2 3 9
11 515 R 627 3 2 3 9
12 516 R 637 0
4 517 A 638 1
4 517 A 637 6
4 517 R 638 1 1
18 518 R 642 0
4 519 R 642 0
4 519 R 642 0
4 519 R 642 0
17 520 A 638 7
17 520 A 638 8
17 520 R 638 3 1 7 8
17 520 A 637 9
17 520 A 637 10
17 520 R 634 0
7 521 R 639 0
7 521 R 639 0
19 522 A 631 6
19 522 R 631 2 2 6
19 522 R 632 0
19 522 A 631 7
19 522 A 630 6
19 522 R 632 0
19 522 R 631 3 2 6 7
19 522 A 608 10
19 522 R 632 0
19 522 R 630 1 6
18 523 R 642 0
18 523 R 642 0
18 523 A 640 8
1 524 A 605 7
1 524 A 635 1
1 524 R 638 1 1
1 524 R 640 0
1 524 A 605 8
1 524 R 638 1 1
1 524 R 638 1 1
9 525 R 644 0
9 525 R 639 0
9 525 R 644 0
9 525 R 645 0
9 525 R 645 0
9 525 R 639 0
17 526 R 644 0
17 526 R 644 0
17 526 R 645 0
17 526 R 644 0
17 526 A 644 8
1 527 R 645 0
1 527 A 649 4
8 528 R 648 0
8 528 R 650 0
8 528 R 649 1 4
8 528 A 650 1
16 529 R 647 0
13 530 A 645 3
13 530 A 647 1
13 530 A 645 4
13 530 R 646 0
13 530 A 645 5
13 530 R 647 1 1
13 530 R 646 0
13 530 A 646 2
14 531 A 643 1
14 531 R 651 0
14 531 R 648 0
14 531 R 651 0
14 531 R 651 0
18 532 R 655 0
16 533 A 654 4
11 534 A 653 8
11 534 R 655 0
24 535 R 655 0
1 536 R 655 0
11 537 R 657 0
15 538 R 655 0
15 538 R 655 0
15 538 R 655 0
24 539 R 657 0
24 539 R 656 0
24 539 R 657 0
24 539 A 657 9
24 539 A 656 8
24 539 R 657 1 9
24 539 A 659 1
19 540 R 635 1 1
19 540 R 662 0
19 540 A 662 1
2 541 R 651 0
2 541 R 647 1 1
2 541 A 651 6
2 541 R 650 1 1
2 541 A 651 7
2 541 R 650 1 1
2 541 A 651 8
2 541 R 650 1 1
2 541 R 648 0
2 541 A 651 9
2 541 R 650 1 1
2 541 R 651 4 6 7 8 9
7 542 A 659 9
7 542 R 661 0
7 542 R 662 0
15 543 A 664 2
15 543 A 664 3
15 543 R 664 2 2 3
20 544 R 662 1 1
20 544 R 662 1 1
20 544 R 662 1 1
20 544 R 661 0
3 545 A 650 8
3 545 R 635 1 1
3 545 R 652 0
3 545 R 647 1 1
3 545 R 650 2 1 8
3 545 A 650 9
3 545 A 652 2
3 545 A 648 5
3 545 A 650 10
3 545 R 647 1 1
3 545 A 647 8
3 545 A 555 3
3 545 R 652 1 2
3 545 A 647 9
3 545 R 652 1 2
3 545 A 652 3
2 546 A 658 3
22 547 A 669 2
22 547 R 668 0
9 548 R 635 1 1
23 549 A 665 2
23 549 R 665 1 2
23 549 A 663 3
23 549 R 666 0
23 549 R 666 0
23 549 R 666 0
23 549 R 635 1 1
23 549 R 666 0
23 549 R 666 0
23 549 R 665 1 2
16 550 A 669 10
16 550 R 635 1 1
16 550 A 670 7
23 551 A 673 3
21 552 A 668 6
21 552 A 643 3
21 552 A 635 8
21 552 R 668 1 6
21 552 A 668 7
21 552 R 668 2 6 7
23 553 R 676 0
17 554 A 635 9
17 554 A 671 9
10 555 A 662 7
10 555 R 662 2 1 7
10 555 A 661 4
10 555 R 659 1 1
10 555 A 661 5
10 555 R 661 2 4 5
10 555 R 662 2 1 7
10 555 R 662 2 1 7
10 555 R 658 0
10 555 R 662 2 1 7
10 555 A 662 8
10 555 R 662 3 1 7 8
10 555 A 662 9
10 555 A 662 10
10 555 R 661 2 4 5
5 556 A 676 7
5 556 A 677 3
5 556 A 677 4
5 556 A 677 5
5 556 R 676 1 7
5 556 R 677 3 3 4 5
5 556 A 658 10
5 556 R 676 1 7
5 556 A 677 6
5 556 A 677 7
23 557 R 676 0
23 557 R 680 0
23 557 A 680 1
23 557 A 555 4
23 557 R 676 0
23 557 R 680 1 1
23 557 A 680 2
20 558 R 675 0
20 558 R 676 0
20 558 R 676 0
20 558 R 676 0
20 558 A 643 4
20 558 A 675 6
20 558 A 674 2
20 558 A 674 3
22 559 R 683 0
22 559 R 682 0
22 559 R 679 0
22 559 A 681 3
22 559 A 681 4
22 559 A 683 5
9 560 R 682 0
9 560 A 684 1
9 560 A 684 2
9 560 R 681 0
9 560 R 681 0
9 560 A 684 3
14 561 A 689 6
22 562 R 691 0
22 562 A 692 1
22 562 R 691 0
22 562 A 679 8
3 563 R 678 0
3 563 A 693 9
3 563 R 679 0
11 564 A 690 6
11 564 A 690 7
11 564 R 690 2 6 7
11 564 A 690 8
12 565 A 688 1
12 565 R 555 3 1 3 4
12 565 A 682 9
12 565 R 678 0
12 565 R 686 0
12 565 R 688 1 1
12 565 R 686 0
22 566 R 694 0
22 566 A 689 10
7 567 R 695 0
7 567 R 695 0
7 567 A 694 3
17 568 A 678 5
17 568 R 686 0
17 568 A 686 7
17 568 R 690 0
17 568 R 689 0
17 568 R 686 1 7
17 568 R 690 0
17 568 A 686 8
20 569 A 697 5
12 570 R 696 0
12 570 A 696 3
12 570 A 698 1
12 570 A 698 2
5 571 A 697 10
22 572 R 698 0
22 572 A 678 10
12 573 A 700 8
8 574 R 701 0
8 574 A 704 3
8 574 A 704 4
10 575 R 690 0
10 575 A 691 1
10 575 A 691 2
10 575 R 691 2 1 2
10 575 A 691 3
10 575 A 691 4
10 575 R 691 4 1 2 3 4
10 575 A 691 5
10 575 R 692 0
10 575 R 691 5 1 2 3 4 5
10 575 R 692 0
10 575 A 691 6
10 575 R 691 6 1 2 3 4 5 6
10 575 R 679 0
10 575 A 691 7
10 575 R 691 7 1 2 3 4 5 6 7
24 576 A 702 6
24 576 R 701 0
24 576 A 702 7
24 576 R 701 0
24 576 R 702 2 6 7
20 577 R 678 1 5
20 577 R 697 1 5
20 577 R 678 1 5
20 577 A 679 10
20 577 A 699 5
20 577 R 699 1 5
20 577 R 701 0
20 577 A 699 6
20 577 A 699 7
18 578 R 705 0
8 579 A 706 7
8 579 R 707 0
8 579 A 709 3
8 579 R 709 1 3
8 579 A 709 4
8 579 R 703 0
8 579 R 709 2 3 4
20 580 R 711 0
20 580 R 711 0
20 580 A 710 6
20 580 A 711 8
2 581 A 712 2
2 581 A 705 6
2 581 A 703 9
2 581 R 713 0
2 581 R 705 1 6
13 582 A 708 3
13 582 R 706 0
13 582 R 706 0
13 582 A 708 4
13 582 R 708 2 3 4
13 582 R 708 2 3 4
13 582 R 643 3 1 3 4
13 582 R 705 0
13 582 R 708 2 3 4
13 582 R 708 2 3 4
13 582 A 707 2
13 582 R 703 0
13 582 R 708 2 3 4
18 583 R 715 0
18 583 R 713 0
18 583 R 713 0
18 583 R 713 0
18 583 R 715 0
21 584 R 712 1 2
21 584 R 720 0
21 584 A 721 1
16 585 A 720 8
19 586 R 720 0
19 586 R 721 1 1
20 587 R 716 0
20 587 A 716 5
20 587 A 715 10
20 587 A 716 6
20 587 A 716 7
20 587 A 705 9
20 587 A 716 8
20 587 A 717 1
20 587 A 718 1
19 588 R 725 0
19 588 R 726 0
19 588 R 643 3 1 3 4
19 588 R 726 0
24 589 A 726 1
24 589 R 724 0
24 589 A 724 1
24 589 A 724 2
24 589 R 726 1 1
11 590 R 712 1 2
11 590 A 712 9
11 590 R 720 1 8
11 590 A 720 9
7 591 A 727 2
7 591 A 727 3
7 591 R 724 0
7 591 A 727 4
14 592 R 724 2 1 2
3 593 R 719 0
3 593 A 719 6
3 593 R 719 1 6
3 593 A 719 7
3 593 A 719 8
3 593 R 712 1 2
3 593 A 719 9
3 593 A 719 10
3 593 R 718 0
3 593 R 705 1 6
13 594 R 0 0
13 594 A 718 7
13 594 R 555 3 1 3 4
13 594 R 727 0
13 594 R 722 0
17 595 A 729 8
22 596 A 725 7
22 596 R 729 0
22 596 R 725 1 7
22 596 R 718 1 1
22 596 R 728 0
22 596 R 725 1 7
22 596 R 728 0
23 597 R 723 0
23 597 A 723 6
23 597 A 723 7
23 597 A 723 8
23 597 A 723 9
23 597 R 725 0
23 597 A 723 10
23 597 R 724 0
23 597 A 687 4
23 597 R 724 0
17 598 R 736 0
15 599 R 731 0
15 599 R 735 0
15 599 R 733 0
14 600 A 732 5
14 600 A 0 10
14 600 A 731 1
14 600 A 731 2
14 600 R 732 1 5
14 600 A 729 9
14 600 R 729 2 8 9
8 601 A 734 3
8 601 A 735 5
8 601 R 735 1 5
8 601 R 733 0
8 601 A 735 6
8 601 R 735 2 5 6
8 601 A 735 7
8 601 A 735 8
18 602 A 739 9
18 602 A 738 6
18 602 A 739 10
18 602 R 738 1 6
18 602 R 738 1 6
21 603 R 730 0
21 603 R 730 0
21 603 R 730 0
21 603 R 725 0
21 603 R 725 0
21 603 R 730 0
21 603 R 730 0
21 603 A 730 10
21 603 R 687 0
21 603 R 730 1 10
21 603 R 730 1 10
21 604 A 744 7
16 605 A 743 3
16 605 A 743 4
16 605 A 743 5
16 605 A 743 6
14 606 A 740 2
14 606 R 722 0
14 606 R 742 0
14 606 A 740 3
14 606 R 740 2 2 3
14 606 A 741 4
14 606 R 741 1 4
3 607 A 742 4
3 607 A 746 2
3 607 A 742 5
3 607 R 746 1 2
3 607 A 745 5
3 607 A 745 6
3 608 R 750 0
24 609 R 731 2 1 2
24 609 A 748 5
24 609 R 750 0
24 609 A 748 6
24 609 R 750 0
24 609 R 750 0
11 610 A 755 1
11 610 A 749 4
13 611 R 745 2 5 6
13 611 R 742 2 4 5
13 611 A 745 10
13 611 R 747 0
13 611 R 731 2 1 2
13 611 A 747 4
13 611 A 747 5
13 611 R 747 2 4 5
13 611 R 747 2 4 5
15 612 A 750 1
15 612 R 750 1 1
15 612 A 750 2
15 612 R 748 0
15 612 R 750 2 1 2
15 612 A 750 3
15 612 R 750 3 1 2 3
15 612 R 750 3 1 2 3
15 612 R 748 0
19 613 A 754 7
19 613 R 754 1 7
19 613 A 749 8
13 614 A 756 4
13 614 R 757 0
10 615 R 749 2 4 8
17 616 R 756 1 4
17 616 R 756 1 4
17 616 A 759 4
17 616 R 759 1 4
17 616 R 759 1 4
17 616 R 759 1 4
11 617 R 756 0
11 617 R 757 0
11 617 A 757 2
11 617 A 752 7
11 617 R 757 1 2
11 617 A 757 3
11 617 R 756 0
11 617 R 756 0
11 617 R 757 2 2 3
16 618 R 760 0
16 618 A 763 4
3 619 A 763 7
3 619 R 763 2 4 7
14 620 R 765 0
14 620 R 767 0
14 620 A 766 2
5 621 A 761 1
5 621 R 761 1 1
5 621 A 761 2
5 621 R 761 2 1 2
5 621 R 760 0
5 621 R 761 2 1 2
5 621 A 761 3
5 621 R 761 3 1 2 3
5 621 R 752 0
5 621 A 761 4
2 622 A 765 7
2 622 R 767 0
2 622 R 765 1 7
2 622 A 765 8
2 622 R 767 0
16 623 R 764 0
16 623 R 769 0
16 623 R 768 0
16 623 R 769 0
16 623 R 768 0
16 623 R 768 0
16 623 R 769 0
3 624 A 766 7
3 624 A 768 1
3 624 A 769 5
4 625 R 772 0
4 625 A 773 1
4 625 R 687 1 4
12 626 R 774 0
12 626 A 774 1
12 626 R 774 1 1
12 626 R 772 0
5 627 A 766 10
5 627 A 768 8
5 627 R 768 2 1 8
5 627 A 771 1
5 627 A 768 9
5 627 A 768 10
5 627 R 770 0
19 628 A 776 9
16 629 A 770 8
16 629 R 770 1 8
16 629 A 770 9
16 629 R 770 2 8 9
16 629 R 772 0
16 629 A 772 4
16 629 A 772 5
1 630 R 778 0
1 630 R 779 0
12 631 A 737 8
12 631 A 776 10
12 631 R 758 0
7 632 R 776 0
7 632 A 777 9
7 632 R 777 1 9
7 632 R 777 1 9
16 633 R 771 1 1
16 633 R 779 0
1 634 A 782 1
1 634 A 779 4
1 634 A 779 5
6 635 R 771 1 1
6 635 R 771 1 1
14 636 R 779 0
14 636 R 783 0
14 636 R 783 0
14 636 R 783 0
16 637 R 771 1 1
15 638 A 778 9
15 638 A 758 10
15 638 R 778 1 9
15 638 A 778 10
15 638 R 782 0
15 638 R 780 0
9 639 R 783 0
9 639 R 783 0
9 639 A 687 7
9 639 A 783 1
10 640 R 786 0
17 641 R 775 0
17 641 A 775 4
17 641 R 773 1 1
17 641 R 775 1 4
17 641 R 776 0
17 641 R 775 1 4
17 641 R 775 1 4
17 641 R 775 1 4
17 641 R 775 1 4
17 641 A 775 5
17 641 A 775 6
17 641 R 776 0
17 641 A 555 6
6 642 A 785 3
7 643 R 785 1 3
7 643 R 785 1 3
7 643 R 789 0
7 643 R 788 0
7 643 R 787 0
7 643 R 785 1 3
7 643 R 782 1 1
23 644 R 781 0
23 644 R 781 0
23 644 R 779 0
23 644 R 780 0
23 644 A 781 6
23 644 R 781 1 6
23 644 R 779 0
23 644 R 779 0
23 644 A 781 7
23 644 R 781 2 6 7
23 644 R 780 0
23 644 A 781 8
23 644 R 782 0
16 645 A 786 8
16 645 A 786 9
16 645 A 786 10
16 645 A 785 6
16 645 R 785 2 3 6
16 645 R 788 0
5 646 R 792 0
5 646 R 792 0
17 647 R 788 0
17 647 R 788 0
17 647 R 787 0
17 647 R 782 1 1
17 647 R 790 0
19 648 R 792 0
24 649 R 792 0
24 649 R 787 0
24 649 A 791 8
5 650 A 782 8
1 651 R 780 0
1 651 R 785 0
1 651 A 771 8
1 651 R 784 0
1 651 A 784 7
1 651 A 771 9
1 651 R 780 0
1 651 R 784 1 7
1 651 R 784 1 7
1 651 A 784 8
1 651 A 780 10
1 651 R 784 2 7 8
1 651 A 784 9
1 651 R 771 3 1 8 9
1 651 A 784 10
21 652 R 795 0
21 652 R 795 0
21 652 R 787 0
21 652 R 795 0
21 652 R 795 0
5 653 A 797 1
23 654 R 794 0
23 654 A 794 1
23 654 A 792 5
23 654 R 794 1 1
23 654 R 794 1 1
23 654 R 787 0
23 654 R 687 2 4 7
9 655 R 796 0
9 655 R 797 1 1
11 656 A 799 1
11 656 R 796 0
19 657 R 792 0
19 657 R 789 0
19 657 A 795 3
19 657 A 795 4
19 657 R 792 0
19 657 A 795 5
19 657 R 792 0
19 657 A 795 6
19 657 R 795 4 3 4 5 6
14 658 R 804 0
14 658 R 793 0
10 659 R 798 0
10 659 A 804 4
10 659 R 798 0
10 659 R 804 1 4
10 659 R 804 1 4
11 660 A 809 1
11 660 R 809 1 1
9 661 R 809 1 1
1 662 R 798 0
1 662 A 797 9
1 662 A 796 6
1 662 R 798 0
1 662 A 793 1
1 662 R 796 1 6
1 662 R 797 2 1 9
1 662 R 796 1 6
1 662 A 798 2
1 662 R 796 1 6
1 662 A 797 10
1 663 R 810 0
1 663 R 811 0
2 664 R 808 0
2 664 A 808 2
2 664 A 808 3
2 664 R 807 0
2 664 R 808 2 2 3
2 664 A 808 4
2 664 A 808 5
2 664 A 808 6
2 664 A 808 7
2 664 A 808 8
2 664 R 808 7 2 3 4 5 6 7 8
2 664 A 808 9
20 665 A 800 4
20 665 A 809 5
20 665 A 805 7
20 665 A 809 6
3 666 A 812 10
3 666 A 810 9
3 666 R 810 1 9
19 667 R 806 0
19 667 A 806 3
19 667 A 806 4
19 667 A 806 5
19 667 A 807 1
19 667 R 806 3 3 4 5
19 667 A 806 6
19 667 R 807 1 1
19 667 R 806 4 3 4 5 6
19 667 A 806 7
19 667 R 806 5 3 4 5 6 7
19 667 A 807 2
19 667 R 806 5 3 4 5 6 7
16 668 R 807 0
16 668 R 805 0
16 668 R 800 0
16 668 R 805 0
16 668 R 809 1 1
16 668 R 807 0
16 668 R 809 1 1
16 668 R 809 1 1
24 669 R 798 0
24 669 R 801 0
24 669 R 802 0
24 669 R 798 0
24 669 A 801 5
24 669 A 801 6
24 669 R 802 0
24 669 A 801 7
24 669 A 801 8
24 669 R 801 4 5 6 7 8
24 669 A 801 9
24 669 R 801 5 5 6 7 8 9
24 669 R 555 4 1 3 4 6
24 669 R 801 5 5 6 7 8 9
24 669 R 798 0
24 669 R 782 2 1 8
23 670 R 814 0
23 670 R 810 1 9
12 671 R 817 0
12 671 R 816 0
16 672 R 813 0
16 672 R 818 0
3 673 R 817 0
3 673 R 818 0
2 674 A 817 1
2 674 R 817 1 1
2 674 R 816 0
2 674 A 816 5
2 674 R 811 0
2 674 R 811 0
23 675 R 811 0
23 675 A 818 9
13 676 R 800 1 4
13 676 A 812 9
13 676 R 812 2 10 9
13 676 R 812 2 10 9
13 676 R 812 2 10 9
13 676 R 810 1 9
13 676 A 810 7
13 676 A 810 8
12 677 R 819 0
12 677 R 819 0
12 677 A 813 4
12 677 R 819 0
17 678 R 821 0
17 678 A 819 9
23 679 R 814 0
23 679 R 821 0
23 679 R 825 0
18 680 R 828 0
2 681 R 824 0
2 681 R 824 0
2 681 A 822 6
2 681 R 814 0
2 681 R 824 0
2 681 R 824 0
10 682 A 827 10
10 682 R 826 0
10 682 A 826 7
10 682 A 826 8
7 683 R 830 0
7 683 R 830 0
1 684 A 828 4
1 684 A 828 5
1 684 A 829 4
1 684 R 829 1 4
1 685 A 834 1
19 686 R 830 0
19 686 R 830 0
19 686 A 830 5
19 686 A 813 10
11 687 A 823 7
11 687 A 823 8
11 687 A 821 3
11 687 A 821 4
11 687 A 823 9
11 687 R 821 2 3 4
11 687 R 821 2 3 4
11 687 R 823 3 7 8 9
11 687 R 823 3 7 8 9
11 687 R 823 3 7 8 9
11 687 A 823 10
11 687 R 822 0
11 687 A 821 5
11 687 R 823 4 7 8 9 10
11 687 R 821 3 3 4 5
11 687 R 824 0
21 688 A 825 9
21 688 R 814 0
21 688 R 830 0
21 688 R 831 0
22 689 R 832 0
22 689 A 831 5
22 689 A 832 2
22 689 A 832 3
22 689 R 832 2 2 3
22 689 A 832 4
22 689 R 814 0
9 690 A 834 6
9 690 R 831 0
9 690 A 834 7
9 690 A 834 8
9 690 R 825 1 9
21 691 A 837 8
21 691 A 835 8
21 691 R 838 0
21 691 R 838 0
18 692 R 838 0
18 692 A 839 1
18 692 R 838 0
12 693 A 837 9
12 693 A 838 7
9 694 R 843 0
9 694 R 839 1 1
9 694 R 842 0
9 694 A 840 2
9 694 R 840 1 2
9 694 A 839 8
22 695 R 840 0
22 695 R 841 0
22 695 R 839 0
22 695 A 841 9
22 695 A 842 4
22 695 A 841 10
22 696 A 850 4
9 697 R 846 0
9 697 A 848 1
9 697 A 846 5
20 698 R 846 0
20 698 R 833 0
1 699 R 850 1 4
1 699 R 850 1 4
18 700 R 833 0
18 700 A 845 10
18 700 R 840 0
18 700 R 847 0
18 700 A 847 1
18 700 A 847 2
18 700 R 840 0
18 700 R 847 2 1 2
16 701 R 851 0
16 701 R 850 1 4
16 701 A 850 8
16 701 A 850 9
17 702 A 856 4
5 703 R 853 0
5 703 R 855 0
5 703 R 820 0
15 704 A 855 10
15 704 R 856 1 4
4 705 R 853 0
4 705 A 833 7
4 705 R 848 1 1
9 706 R 852 0
9 706 R 852 0
9 706 R 852 0
9 706 R 849 0
9 706 R 793 1 1
9 706 R 849 0
9 706 R 849 0
9 706 R 849 0
16 707 A 851 5
16 707 A 857 5
16 707 R 848 1 1
16 707 R 856 1 4
12 708 R 858 0
12 708 R 858 0
12 708 R 857 0
12 708 R 851 0
12 708 R 858 0
16 709 A 861 10
17 710 A 858 2
17 710 A 848 8
17 710 A 858 3
17 710 R 858 2 2 3
17 710 A 858 4
17 710 R 851 0
17 710 A 848 9
17 710 A 858 5
17 710 A 858 6
17 710 A 858 7
22 711 R 870 0
22 711 A 869 2
17 712 R 860 0
17 712 R 865 0
23 713 R 863 0
23 713 R 864 0
23 713 A 863 9
23 713 A 863 10
23 713 R 714 0
23 713 A 866 1
8 714 R 868 0
8 714 R 867 0
8 714 A 867 9
22 715 R 870 0
22 715 A 871 2
7 716 R 876 0
21 717 R 876 0
9 718 A 868 10
9 718 R 869 0
9 718 R 862 0
9 718 R 865 0
9 718 R 870 0
4 719 A 871 9
4 719 R 874 0
17 720 A 873 2
17 720 A 873 3
17 720 R 862 0
14 721 A 870 1
14 721 A 869 5
14 721 A 870 2
14 721 R 862 0
14 721 A 869 6
14 721 R 870 2 1 2
14 721 R 854 0
7 722 A 874 10
7 722 R 874 1 10
7 722 A 876 5
7 722 A 876 6
14 723 R 877 0
14 723 A 714 2
14 723 A 878 1
14 723 A 875 6
21 724 A 879 6
21 724 A 879 7
24 725 A 880 6
5 726 R 878 1 1
5 726 R 880 1 6
5 726 R 878 1 1
5 726 R 878 1 1
14 727 A 860 10
14 727 R 880 1 6
14 727 R 860 1 10
21 728 R 882 0
1 729 A 881 1
1 729 R 820 0
5 730 R 884 0
4 731 R 877 0
4 731 R 877 0
4 731 R 876 2 5 6
4 731 R 854 0
4 731 R 820 0
4 731 A 877 9
4 731 A 877 10
4 731 R 875 0
4 731 R 862 0
4 731 R 875 0
2 732 A 878 10
2 732 A 882 4
2 732 R 860 1 10
9 733 A 885 4
9 733 R 885 1 4
9 733 A 885 5
9 733 A 881 5
21 734 R 883 0
21 734 R 885 0
21 734 R 885 0
21 734 R 883 0
4 735 A 887 5
4 735 A 887 6
4 735 A 887 7
13 736 A 883 8
13 736 A 886 9
13 736 A 854 6
13 736 A 886 10
13 736 R 883 1 8
13 736 R 887 0
23 737 A 893 5
21 738 R 891 0
21 738 R 892 0
21 738 R 889 0
21 738 R 891 0
2 739 A 888 4
2 739 A 888 5
2 739 R 890 0
2 739 A 888 6
2 739 A 890 4
9 740 R 884 0
9 740 R 891 0
9 740 R 891 0
9 740 R 891 0
9 740 R 892 0
9 740 A 891 8
9 740 R 891 1 8
9 740 A 891 9
16 741 A 892 3
16 741 A 889 4
16 741 A 893 1
16 741 R 893 2 5 1
16 741 A 893 2
16 741 A 893 3
16 741 A 893 4
10 742 A 896 7
10 742 A 896 8
10 742 A 897 6
10 742 R 897 1 6
6 743 A 899 4
6 743 R 897 0
6 743 R 897 0
19 744 R 894 0
19 744 A 894 8
19 744 A 894 9
19 744 A 894 10
19 744 R 894 3 8 9 10
19 744 R 895 0
12 745 R 899 1 4
12 745 R 901 0
12 745 A 901 4
23 746 R 889 0
23 746 A 895 1
23 746 R 889 0
23 746 R 854 1 6
23 746 R 889 0
23 746 R 895 1 1
23 746 R 896 0
23 746 A 895 2
23 746 A 895 3
14 747 A 897 10
14 747 A 898 2
14 747 R 862 0
14 747 A 899 8
14 747 A 889 9
22 748 R 906 0
22 748 A 906 5
4 749 R 905 0
4 749 A 905 1
4 749 A 905 2
4 749 R 902 0
4 749 A 905 3
5 750 R 902 0
5 750 A 907 3
5 750 A 907 4
5 750 A 907 5
5 750 A 904 3
23 751 R 908 0
23 751 R 904 0
23 751 R 908 0
23 751 A 908 3
23 751 A 902 6
16 752 R 900 0
16 752 A 900 1
16 752 R 900 1 1
16 752 A 900 2
16 752 A 900 3
16 752 R 889 1 4
16 752 A 900 4
16 752 R 900 4 1 2 3 4
16 752 A 900 5
11 753 A 910 4
11 753 R 911 0
5 754 A 912 3
5 754 A 912 4
24 755 A 913 5
24 755 A 914 10
10 756 R 910 1 4
10 756 R 914 0
10 756 R 898 1 2
10 756 R 910 1 4
14 757 R 918 0
14 757 R 820 0
14 757 R 916 0
13 758 A 915 8
13 758 R 820 0
13 758 R 915 1 8
13 758 A 916 4
13 758 A 898 10
13 758 A 915 9
13 758 A 915 10
13 758 R 913 0
13 758 A 916 5
24 759 A 919 4
24 759 A 919 5
24 759 A 919 6
24 759 R 919 3 4 5 6
24 759 A 919 7
24 759 A 919 8
24 759 R 919 5 4 5 6 7 8
19 760 R 915 0
19 760 R 916 0
19 760 A 918 1
19 760 A 918 2
19 760 A 913 7
19 760 R 916 0
19 760 R 898 1 2
22 761 R 913 1 5
22 761 A 921 1
22 761 A 921 2
22 761 R 921 2 1 2
22 761 A 921 3
22 761 A 921 4
22 761 A 920 1
14 762 A 922 3
14 762 A 923 4
14 762 R 922 1 3
14 762 R 924 0
17 763 A 922 8
17 763 A 929 7
20 764 A 931 3
22 765 A 928 2
22 765 A 928 3
22 765 R 928 2 2 3
22 765 A 928 4
22 765 A 928 5
22 765 R 903 0
22 765 R 922 1 3
16 766 R 922 1 3
16 766 R 929 0
16 766 A 926 5
16 766 A 926 6
4 767 R 917 0
4 767 A 920 9
4 767 R 931 1 3
7 768 R 934 0
7 768 R 931 1 3
3 769 A 932 2
3 769 A 933 6
3 769 R 932 1 2
12 770 R 938 0
16 771 R 936 0
16 771 A 936 7
16 771 R 932 1 2
4 772 A 938 2
4 772 R 938 1 2
4 772 R 932 1 2
4 772 R 938 1 2
6 773 R 935 0
6 773 A 935 2
6 773 R 935 1 2
6 773 R 935 1 2
6 773 R 935 1 2
6 773 A 935 3
6 773 A 931 9
6 773 A 935 4
6 773 R 935 3 2 3 4
6 773 A 935 5
6 773 R 931 2 3 9
6 773 R 931 2 3 9
6 773 A 935 6
14 774 R 940 0
14 774 R 940 0
19 775 A 939 9
19 775 A 939 10
19 775 A 940 5
23 776 R 917 0
23 776 R 942 0
23 776 R 917 0
23 776 A 940 9
7 777 A 942 9
7 777 A 941 5
7 777 A 942 10
7 777 A 903 10
2 778 A 949 3
21 779 R 952 0
3 780 R 943 0
3 780 A 943 8
3 780 R 820 0
3 780 A 944 1
3 780 R 943 1 8
3 780 A 943 9
3 780 A 943 10
3 780 A 944 2
18 781 R 946 0
18 781 A 947 8
18 781 A 947 9
18 781 R 948 0
18 781 R 947 2 8 9
18 781 A 948 2
18 781 A 947 10
3 782 R 952 0
3 782 R 954 0
7 783 A 950 9
7 783 A 950 10
7 783 R 950 2 9 10
7 783 R 820 0
7 783 A 952 5
11 784 R 949 1 3
11 784 A 949 4
11 784 A 949 5
11 784 A 934 8
11 784 A 949 6
11 784 A 949 7
12 785 A 954 3
12 785 R 953 0
12 785 R 954 1 3
12 785 R 952 0
12 785 R 951 0
3 786 R 956 0
3 786 A 946 7
12 787 A 960 3
19 788 R 957 0
19 788 A 959 1
19 788 R 958 0
19 788 A 959 2
19 788 A 958 4
19 788 R 959 2 1 2
19 788 R 958 1 4
24 789 R 956 0
24 789 R 953 0
24 789 A 956 10
24 789 R 957 0
24 789 R 957 0
24 789 R 958 0
24 789 A 957 3
16 790 R 963 0
18 791 A 963 10
17 792 A 964 4
17 792 R 963 0
15 793 A 962 1
15 793 R 957 0
15 793 R 959 0
15 793 A 962 2
15 793 R 959 0
15 793 A 962 3
17 794 R 965 0
2 795 A 969 4
2 795 A 971 1
2 795 A 971 2
2 795 R 970 0
16 796 R 953 0
16 796 R 966 0
16 796 R 965 0
16 796 A 966 7
16 796 A 967 10
4 797 R 968 0
4 797 A 968 9
4 797 R 961 0
4 797 A 961 5
4 797 R 953 0
4 797 A 968 10
6 798 A 971 6
6 798 A 969 8
6 798 A 953 4
8 799 R 972 0
8 799 A 820 7
8 799 R 969 1 4
8 799 A 972 4
18 800 R 965 0
18 800 A 970 1
18 800 A 965 8
18 800 R 970 1 1
18 800 A 965 9
18 800 R 970 1 1
18 800 R 965 2 8 9
18 800 R 970 1 1
18 800 R 969 0
18 800 R 970 1 1
18 800 R 961 0
18 801 A 977 3
1 802 R 976 0
1 802 R 976 0
1 802 R 974 0
1 802 A 974 1
1 802 R 976 0
1 802 A 974 2
20 803 R 974 0
20 803 A 953 7
20 803 A 820 8
20 803 A 977 1
20 803 A 977 2
20 803 A 975 2
18 804 R 980 0
18 804 R 983 0
18 804 A 982 1
18 804 R 982 1 1
14 805 R 979 0
14 805 A 979 8
14 805 R 953 1 4
14 805 A 979 9
2 806 A 981 5
19 807 R 988 0
19 807 A 986 9
9 808 R 973 0
9 808 R 973 0
9 808 A 972 9
9 808 R 972 2 4 9
9 808 R 972 2 4 9
9 808 R 972 2 4 9
9 808 A 973 8
9 808 A 973 9
9 808 A 973 10
9 808 A 971 10
9 808 R 961 1 5
9 808 R 974 0
9 808 R 974 0
9 808 R 975 0
9 808 A 972 10
9 808 R 953 1 4
13 809 R 975 1 2
13 809 R 982 1 1
13 809 A 983 1
13 809 R 985 0
5 810 A 978 4
5 810 R 978 1 4
5 810 R 953 1 4
5 810 R 975 0
5 810 A 978 5
5 810 A 978 6
5 810 R 974 2 1 2
5 810 A 978 7
5 810 A 978 8
5 810 A 978 9
5 810 A 978 10
5 810 R 917 0
5 810 A 974 10
11 811 A 997 1
17 812 A 991 7
17 812 R 990 0
17 812 A 990 10
17 812 R 990 1 10
17 812 A 987 9
17 812 A 983 3
17 812 R 987 1 9
6 813 R 1000 0
11 814 A 998 8
11 814 A 998 9
11 814 A 1000 1
9 815 R 992 0
9 815 A 992 6
9 815 A 992 7
9 815 R 992 2 6 7
9 815 A 992 8
9 815 R 992 3 6 7 8
9 815 R 992 3 6 7 8
9 815 R 992 3 6 7 8
9 815 R 992 3 6 7 8
14 816 R 714 1 2
14 816 A 989 2
14 816 R 988 0
14 816 R 989 1 2
14 816 A 989 3
14 816 A 989 4
14 816 R 989 3 2 3 4
14 816 R 987 0
14 816 R 988 0
14 816 R 988 0
14 816 A 989 5
14 816 A 989 6
14 816 A 989 7
14 816 R 989 6 2 3 4 5 6 7
11 817 A 1004 2
21 818 R 996 0
21 818 A 994 6
21 818 R 996 0
21 818 R 996 0
21 818 R 996 0
21 818 A 996 9
21 818 R 994 1 6
21 818 R 996 1 9
21 818 A 981 9
20 819 R 984 0
20 819 A 1000 5
20 819 A 1002 1
20 819 R 1002 1 1
20 819 R 1002 1 1
20 819 R 993 0
20 819 A 1002 2
7 820 R 1004 1 2
7 820 R 984 0
7 820 R 1004 1 2
7 820 R 1004 1 2
7 820 A 1004 10
6 821 R 999 0
1 822 R 1007 0
1 822 R 1006 0
1 822 R 1006 0
18 823 A 1007 8
9 824 R 983 2 1 3
9 824 R 1004 0
9 824 R 1000 1 1
9 824 A 999 5
9 824 R 1004 0
9 824 R 1000 1 1
21 825 A 1008 4
21 825 A 1006 8
21 825 R 1008 1 4
21 825 A 1008 5
16 826 A 993 7
16 826 R 714 1 2
16 826 R 1001 0
16 826 A 1001 2
16 826 A 1001 3
16 826 A 1001 4
16 826 A 1001 5
16 826 A 993 8
16 826 A 1001 6
16 826 A 993 9
16 826 A 1001 7
16 826 A 984 2
16 826 R 1000 1 1
18 827 R 1003 0
18 827 A 1012 6
18 827 R 1011 0
18 827 A 1011 10
9 828 R 1003 0
9 828 R 1014 0
9 828 A 1014 1
9 828 R 1003 0
7 829 R 1010 0
7 829 A 1010 1
7 829 R 1009 0
7 829 A 1010 2
7 829 R 1010 2 1 2
7 829 R 1003 0
7 829 R 1010 2 1 2
7 829 R 999 0
7 829 R 1011 0
7 829 R 1010 2 1 2
23 830 R 1008 0
23 830 R 999 0
23 830 R 1010 0
23 830 A 1003 7
23 830 A 1009 8
23 830 A 1009 9
23 830 R 1010 0
23 830 R 1010 0
23 830 R 1010 0
23 830 R 1010 0
23 830 A 1009 10
23 830 R 1010 0
13 831 A 1017 7
13 831 R 1015 0
13 831 A 1017 8
13 831 A 1013 7
13 831 R 1017 2 7 8
13 831 A 1017 9
13 831 R 1017 3 7 8 9
13 831 A 1017 10
6 832 R 1024 0
11 833 A 1021 2
11 833 A 1021 3
11 833 R 1015 0
19 834 A 1022 1
19 834 R 1015 0
9 835 R 1016 0
9 835 R 1019 0
9 835 R 1019 0
9 835 R 1018 0
9 835 A 1016 1
5 836 A 1023 5
5 836 R 1016 0
5 836 R 1023 1 5
24 837 R 1015 0
24 837 A 1019 2
24 837 R 1019 1 2
24 837 R 1015 0
24 837 A 1015 3
24 837 A 1018 1
24 837 R 1018 1 1
24 837 A 1018 2
24 837 A 1018 3
24 837 A 1019 3
24 837 A 1019 4
24 837 R 1019 3 2 3 4
22 838 A 1024 1
22 838 A 1024 2
22 838 R 1024 2 1 2
22 838 A 1022 5
22 838 A 1024 3
22 838 R 1024 3 1 2 3
22 838 A 1022 6
22 838 A 1022 7
19 839 R 1025 0
19 839 A 1026 6
19 839 A 1027 1
19 839 A 1026 7
1 840 R 1027 0
1 840 A 1025 9
1 840 A 1028 1
1 840 A 1028 2
18 841 R 1032 0
18 841 R 1032 0
18 841 R 1029 0
7 842 A 1035 1
7 842 A 1033 3
6 843 R 1030 0
6 843 A 1034 3
6 843 R 1033 0
6 843 R 1035 0
6 843 R 1034 1 3
7 844 R 1038 0
8 845 R 1036 0
8 845 A 1036 8
8 845 R 1036 1 8
8 845 R 1035 1 1
8 845 R 1037 0
8 845 A 1036 9
8 845 A 1036 10
8 845 R 1035 1 1
2 846 A 1038 6
2 846 R 1037 0
2 846 R 1038 1 6
1 847 R 1032 0
1 847 R 1027 1 1
1 847 A 1032 1
1 847 A 1029 7
1 847 A 1030 3
1 847 R 995 0
1 847 R 1032 1 1
1 847 R 1032 1 1
1 847 A 1029 8
1 847 R 1029 2 7 8
1 847 A 1032 2
10 848 R 1037 0
10 848 R 1038 0
10 848 R 1038 0
10 848 R 1030 0
10 848 R 1037 0
2 849 R 1030 1 3
2 849 R 1040 0
23 850 R 1038 0
23 850 A 1037 5
23 850 R 1040 0
23 850 R 1030 0
23 850 A 1040 1
22 851 A 1041 7
23 852 R 1043 0
16 853 R 1044 0
16 853 R 1044 0
16 853 A 1044 2
16 853 A 1044 3
16 853 A 1044 4
16 853 A 1043 4
7 854 R 1045 0
7 854 A 1045 4
23 855 R 1045 1 4
9 856 R 1037 0
9 856 A 1042 1
9 856 A 1042 2
9 856 R 1042 2 1 2
9 856 R 1042 2 1 2
9 856 R 1037 0
9 856 A 1042 3
14 857 R 1050 0
16 858 A 1048 6
16 858 R 1048 1 6
13 859 R 1048 0
13 859 A 1046 6
13 859 R 1046 1 6
13 859 R 995 0
13 859 R 1046 1 6
9 860 A 1050 3
9 860 R 1047 0
9 860 A 1050 4
9 860 R 1048 0
9 860 R 1050 2 3 4
9 860 A 1051 1
9 860 A 1050 5
9 860 R 1051 1 1
1 861 R 1058 0
1 861 A 1057 7
1 861 R 995 0
1 861 A 1054 5
11 862 A 844 9
11 862 R 1059 0
11 862 R 1059 0
11 862 A 1059 1
23 863 A 1056 8
23 863 R 1054 0
23 863 A 1056 9
23 863 A 1055 8
23 863 R 1056 2 8 9
24 864 R 1052 0
24 864 R 1054 1 5
19 865 R 1060 0
20 866 A 1058 3
20 866 A 1059 10
20 866 A 1058 4
20 866 R 1059 2 1 10
20 866 R 1059 2 1 10
20 866 R 1059 2 1 10
20 866 R 1058 2 3 4
23 867 A 1039 5
23 867 R 1060 0
23 867 R 1060 0
23 867 R 1060 0
23 867 A 1061 1
7 868 R 1063 0
7 868 R 1063 0
7 868 R 1052 0
22 869 A 1063 9
22 869 A 1063 10
13 870 R 1062 0
13 870 R 1061 0
13 870 R 1061 0
13 870 R 1054 1 5
13 870 A 1062 1
13 870 R 1062 1 1
13 870 R 1039 0
13 870 A 1062 2
11 871 R 1060 0
11 871 A 1052 6
11 871 R 1054 1 5
11 871 R 1060 0
11 871 R 1052 1 6
11 871 R 1060 0
11 871 R 1054 1 5
11 871 A 1054 7
11 871 A 1060 7
17 872 A 1067 1
17 872 R 1064 0
14 873 R 1063 2 9 10
14 873 R 1052 0
14 873 R 1063 2 9 10
14 873 R 1064 0
14 873 R 1063 2 9 10
14 873 R 995 0
10 874 R 1063 2 9 10
10 874 A 1065 1
10 874 R 1065 1 1
10 874 R 1065 1 1
10 874 A 1065 2
10 874 R 1064 0
10 874 R 1065 2 1 2
10 874 R 1052 0
10 874 R 1064 0
10 874 A 1065 3
10 874 A 1065 4
23 875 R 1067 1 1
23 875 R 1067 1 1
23 875 A 1067 10
23 875 R 1069 0
6 876 A 1070 1
6 876 R 1070 1 1
6 876 R 1070 1 1
6 876 R 1069 0
6 876 R 1070 1 1
6 876 R 1069 0
6 876 R 1070 1 1
6 876 R 1070 1 1
6 876 R 1066 0
6 876 A 1070 2
18 877 A 1069 3
18 877 R 1069 1 3
18 877 R 1069 1 3
18 877 R 1071 0
18 877 A 1069 4
18 877 A 1069 5
18 877 A 1069 6
18 877 R 1069 4 3 4 5 6
20 878 R 1077 0
20 878 R 1077 0
14 879 R 1072 0
14 879 A 1073 10
14 879 R 1066 0
14 879 R 1073 1 10
14 879 R 1074 0
14 879 R 1074 0
14 879 R 1074 0
1 880 R 1078 0
1 880 A 1078 4
1 880 A 1075 3
16 881 R 1075 0
16 881 R 1076 0
16 881 R 1068 0
16 881 R 1076 0
16 881 R 1076 0
4 882 A 1066 10
4 882 A 1072 8
4 882 R 1074 0
4 882 R 1066 1 10
4 882 R 1074 0
4 882 A 1074 2
4 882 R 1074 1 2
4 882 A 1074 3
4 882 R 1071 0
12 883 R 1078 0
12 883 R 1077 0
12 883 R 1077 0
12 883 A 1077 9
12 883 A 1077 10
12 883 R 1077 2 9 10
22 884 R 1075 1 3
22 884 R 1079 0
22 884 A 1080 5
22 884 R 1080 1 5
22 884 A 1080 6
22 884 R 1080 2 5 6
4 885 R 1082 0
4 885 R 1082 0
4 885 R 1084 0
4 885 R 1082 0
4 885 R 1082 0
15 886 A 1082 7
15 886 R 1082 1 7
15 886 A 1083 1
15 886 R 1084 0
15 886 R 1082 1 7
12 887 R 1075 1 3
12 887 R 1083 0
12 887 R 1085 0
12 887 R 1068 0
12 887 A 1085 5
12 887 R 1083 0
12 887 R 1084 0
16 888 R 1081 0
16 888 R 1081 0
16 888 A 1081 4
16 888 R 1079 0
16 888 R 1081 1 4
16 888 R 1079 0
16 888 R 1071 0
16 888 R 1075 1 3
16 888 A 1079 6
16 888 A 1079 7
18 889 R 1086 0
20 890 A 1086 8
20 890 R 1090 0
20 890 A 1090 2
20 890 R 1039 1 5
2 891 A 1084 7
2 891 R 1084 1 7
2 891 A 1087 6
2 891 A 1087 7
2 891 A 1084 8
2 891 R 1087 2 6 7
2 891 A 1084 9
2 891 A 1087 8
2 891 A 1084 10
9 892 A 815 2
9 892 A 1091 3
8 893 R 1091 1 3
8 893 R 1091 1 3
8 893 R 1095 0
17 894 R 1095 0
17 894 A 1091 7
21 895 R 1088 0
21 895 A 1083 5
21 895 R 1086 0
21 895 A 1089 1
21 895 R 1088 0
21 895 A 1088 1
21 895 R 1086 0
21 895 A 1089 2
21 895 A 1088 2
21 895 R 1088 2 1 2
21 895 R 1089 2 1 2
9 896 R 1095 0
9 896 R 1095 0
9 896 R 1094 0
9 896 A 1039 10
9 896 R 1091 1 3
18 897 R 1068 0
18 897 R 844 1 9
18 897 A 1093 2
18 897 R 1091 0
18 897 R 1091 0
18 897 A 1093 3
18 897 A 1093 4
18 897 R 1093 3 2 3 4
18 897 R 1093 3 2 3 4
19 898 A 1099 6
22 899 A 1101 1
22 899 R 1101 1 1
3 900 R 1095 0
3 900 A 1095 1
3 900 A 1095 2
3 900 R 1095 2 1 2
3 900 R 1095 2 1 2
3 900 R 1095 2 1 2
12 901 R 1098 0
12 901 R 1092 0
12 901 R 1092 0
12 901 A 1097 6
19 902 A 1101 10
19 902 R 1094 0
19 902 A 1068 8
19 902 A 1100 4
19 902 A 1100 5
12 903 R 1104 0
12 903 R 1104 0
12 903 A 1104 7
9 904 A 1110 1
3 905 R 1105 0
3 905 R 1106 0
3 905 A 1106 1
3 905 R 1106 1 1
16 906 R 1109 0
16 906 A 1109 8
9 907 A 1094 10
5 908 R 1105 0
5 908 R 1108 0
5 908 R 1108 0
5 908 A 1108 6
5 908 R 1108 1 6
7 909 A 1110 8
7 909 A 1112 6
4 910 R 1116 0
4 910 R 1114 0
1 911 R 1117 0
1 911 R 1117 0
1 911 R 1114 0
24 912 R 1115 0
24 912 R 1115 0
24 912 R 1115 0
24 912 A 1114 1
24 912 A 1115 8
4 913 R 1113 0
4 913 R 1120 0
4 913 R 1120 0
4 913 R 1120 0
4 913 R 1120 0
4 913 R 1119 0
4 913 R 1119 0
22 914 R 1118 0
22 914 R 1117 0
22 914 R 1117 0
22 914 R 1119 0
22 914 R 1117 0
22 914 A 1117 8
22 914 A 1117 9
22 914 A 1119 1
22 914 R 1117 2 8 9
19 915 A 1121 10
19 915 A 1123 1
19 915 A 1123 2
19 915 R 1123 2 1 2
19 915 R 1123 2 1 2
22 916 A 1124 6
22 916 R 1126 0
3 917 A 1124 8
3 917 R 1122 0
3 917 R 1096 0
7 918 A 1130 1
7 918 R 1131 0
7 918 A 1127 7
7 918 R 1131 0
5 919 R 1131 0
5 919 R 1131 0
5 919 R 1131 0
8 920 R 1133 0
8 920 A 1133 4
4 921 R 1126 0
4 921 A 1126 4
4 921 R 1122 0
4 921 R 1124 0
4 921 R 1126 1 4
4 921 A 1122 8
4 921 R 1126 1 4
4 921 R 1114 1 1
4 921 R 1122 1 8
4 921 A 1114 8
6 922 R 1122 0
6 922 R 1125 0
6 922 A 1125 2
6 922 R 1125 1 2
6 922 A 1125 3
6 922 A 1125 4
6 922 A 1125 5
6 922 R 1125 4 2 3 4 5
6 922 R 1125 4 2 3 4 5
6 922 R 1122 0
6 922 R 1125 4 2 3 4 5
14 923 A 1128 1
14 923 R 1128 1 1
14 923 R 1114 1 1
14 923 R 1122 0
14 923 A 1128 2
14 923 R 1127 0
14 923 A 1128 3
14 923 A 1128 4
5 924 R 1133 1 4
17 925 A 1132 4
17 925 R 1130 1 1
17 925 R 1131 0
17 925 R 1118 0
2 926 R 1135 0
2 926 R 1135 0
2 926 A 1135 4
22 927 R 1133 1 4
22 927 A 1133 8
22 927 A 1134 4
22 927 R 1129 0
21 928 A 1139 1
21 928 A 1096 3
21 928 A 1139 2
8 929 R 1137 0
8 929 A 1138 1
8 929 A 1136 8
23 930 R 1138 1 1
23 930 R 1138 1 1
23 930 A 1141 10
19 931 A 1129 9
19 931 R 1141 0
17 932 A 1139 9
17 932 A 1139 10
17 932 A 714 8
17 932 R 1140 0
17 932 A 1140 1
17 932 R 1140 1 1
21 933 A 1147 5
10 934 R 1150 0
8 935 R 1141 0
8 935 A 1144 1
8 935 R 1143 0
8 935 R 1144 1 1
8 935 R 1144 1 1
8 935 A 1144 2
8 935 A 1144 3
8 935 A 1137 9
3 936 R 1129 0
3 936 R 1145 0
3 936 R 1146 0
3 936 R 1145 0
3 936 A 1146 1
3 936 R 1146 1 1
3 936 A 1145 3
3 937 A 1148 5
3 937 R 1153 0
8 938 R 1151 0
8 938 R 1151 0
8 938 R 1151 0
8 938 R 1111 0
8 938 R 1152 0
17 939 A 1149 7
17 939 R 1150 0
17 939 A 1150 5
17 939 A 1150 6
17 939 R 1118 0
17 939 R 1150 2 5 6
17 939 R 1148 0
17 939 A 1150 7
17 939 R 1149 1 7
7 940 R 1148 1 5
7 940 R 1156 0
7 940 A 1152 8
6 941 A 1153 8
6 941 R 1156 0
6 941 A 1153 9
6 941 A 1156 7
6 941 R 1156 1 7
6 941 A 1153 10
7 942 A 1161 3
18 943 R 1154 0
18 943 A 1154 1
18 943 A 1154 2
18 943 R 1154 2 1 2
18 943 R 1154 2 1 2
18 943 R 1154 2 1 2
18 943 A 1154 3
18 943 A 1154 4
18 943 R 1154 4 1 2 3 4
18 943 A 1154 5
18 943 A 1148 6
18 943 A 1148 7
16 944 R 1166 0
7 945 R 1163 0
7 945 R 1163 0
7 945 R 1164 0
7 945 A 1165 2
6 946 R 1162 0
6 946 R 1160 0
6 946 A 1164 1
6 946 R 1161 1 3
6 946 R 1164 1 1
6 946 R 1164 1 1
5 947 A 1163 1
5 947 R 1096 1 3
5 947 A 1162 9
5 947 R 1161 1 3
5 947 A 1162 10
5 947 R 1160 0
3 948 A 1158 8
3 948 R 1158 1 8
3 948 A 1158 9
3 948 A 1159 7
3 948 R 1158 2 8 9
3 948 R 1158 2 8 9
3 948 R 1158 2 8 9
3 948 A 1158 10
3 948 R 1159 1 7
3 948 R 1160 0
3 948 A 1155 1
22 949 A 1168 7
22 949 R 1168 1 7
22 949 A 1169 2
14 950 R 1166 0
14 950 R 1165 0
14 950 A 1166 4
14 950 R 1166 1 4
14 950 R 1166 1 4
14 950 R 1165 0
14 950 R 1165 0
14 950 R 1165 0
3 951 A 1169 7
6 952 R 1170 0
6 952 R 1171 0
6 952 R 1170 0
20 953 A 1174 7
20 953 R 1171 0
15 954 R 1172 0
15 954 R 1169 1 2
15 954 A 1172 3
15 954 A 1172 4
6 955 R 1160 0
6 955 A 1171 4
6 955 R 1160 0
6 955 R 1171 1 4
6 955 A 1171 5
6 955 R 1171 2 4 5
6 955 R 1174 0
22 956 A 1182 3
6 957 A 1181 8
20 958 A 1177 8
20 958 A 1177 9
20 958 A 1176 5
20 958 A 1177 10
20 958 R 1177 3 8 9 10
20 958 A 1178 3
20 958 A 1178 4
20 958 A 1155 9
8 959 R 1175 0
8 959 A 1160 9
8 959 A 1175 3
8 959 A 1175 4
8 959 R 1175 2 3 4
8 959 R 1171 0
8 959 R 1176 0
8 959 A 1175 5
8 959 A 1160 10
8 959 R 1175 3 3 4 5
8 959 R 1176 0
8 959 A 1175 6
8 959 R 1155 1 1
6 960 A 1186 3
6 960 A 1185 1
6 960 A 1186 4
6 960 R 1180 0
7 961 R 1178 2 3 4
7 961 A 1184 9
7 961 R 1184 1 9
7 961 A 1178 10
7 961 A 1184 10
8 962 R 1190 0
24 963 R 1187 0
24 963 R 1182 1 3
24 963 A 1187 4
24 963 A 1187 5
24 963 A 1183 1
24 963 A 1187 6
24 963 R 1187 3 4 5 6
24 963 R 1185 0
24 963 R 1188 0
24 963 R 1187 3 4 5 6
16 964 R 1194 0
16 964 R 1183 0
16 964 R 1194 0
16 964 R 1180 0
6 965 A 1193 9
6 965 R 1180 0
6 965 R 1193 1 9
6 965 R 1193 1 9
6 965 R 1191 0
6 965 R 1191 0
6 965 A 1193 10
5 966 R 1194 0
5 966 A 1194 3
5 966 A 815 3
19 967 A 1194 6
19 967 A 1192 5
19 967 A 1194 7
6 968 R 1192 0
6 968 R 1195 0
6 968 R 1180 0
18 969 R 1192 0
18 969 R 1194 0
18 969 R 1192 0
18 969 R 1191 0
18 969 R 1192 0
18 969 R 1192 0
18 969 R 1191 0
16 970 A 1183 5
16 970 R 1196 0
16 970 A 1196 4
13 971 R 1194 1 3
13 971 R 1194 1 3
13 971 R 1192 0
13 971 A 1191 10
13 971 R 1096 1 3
13 971 R 1180 0
23 972 R 1199 0
23 972 R 1199 0
12 973 R 1197 0
12 973 R 1197 0
12 973 R 1197 0
19 974 R 1199 0
19 974 R 1180 0
19 974 A 1199 4
19 974 R 1200 0
19 974 R 1183 2 1 5
16 975 A 1167 6
16 975 R 1202 0
16 975 A 1198 8
23 976 A 1203 5
12 977 R 1203 1 5
12 977 R 1204 0
12 977 A 1203 6
9 978 A 1209 1
9 978 R 1207 0
11 979 R 1196 0
11 979 A 1192 9
11 979 R 1195 0
11 979 R 1196 0
11 979 A 1192 10
11 979 R 1195 0
11 979 R 1195 0
11 979 R 1183 1 1
11 979 R 1197 0
11 979 R 1198 0
11 979 A 1197 1
11 979 R 1197 1 1
11 979 A 1197 2
22 980 A 1142 1
22 980 R 1205 0
22 980 R 1183 2 1 5
22 980 R 1205 0
22 980 A 1204 2
22 980 R 1205 0
22 980 A 1205 7
22 980 A 1205 8
22 980 R 1203 0
22 980 A 1205 9
22 980 R 1203 0
15 981 A 1210 9
15 981 A 1211 1
15 981 A 1212 1
21 982 R 1208 0
21 982 A 1167 7
21 982 A 1208 2
21 982 R 1208 1 2
21 982 A 1208 3
21 982 A 1207 2
21 982 A 1207 3
21 982 R 1208 2 2 3
1 983 R 1209 1 1
13 984 R 1209 1 1
13 984 A 1211 10
11 985 A 1212 7
11 985 A 1213 10
15 986 A 1215 3
15 986 R 1212 1 1
15 986 R 1215 1 3
15 986 R 1212 1 1
15 986 R 1215 1 3
1 987 R 1219 0
1 987 A 1219 8
17 988 R 1219 0
17 988 R 1219 0
11 989 A 1218 6
11 989 R 1218 1 6
11 989 A 1217 4
17 990 A 1224 6
17 990 A 1224 7
15 991 A 1219 9
15 991 A 1219 10
15 991 R 1220 0
15 991 R 1216 0
15 991 R 1219 3 8 9 10
15 991 R 1220 0
15 991 R 1221 0
8 992 R 1221 0
8 992 R 1220 0
8 992 R 1221 0
8 992 A 1216 10
8 992 A 1220 5
8 992 R 1221 0
8 992 R 1216 1 10
8 992 R 1220 1 5
8 992 A 1221 3
10 993 R 1225 0
10 993 R 1225 0
10 993 A 1223 3
10 993 R 1225 0
10 993 R 1223 1 3
10 993 R 1225 0
1 994 R 1209 1 1
1 994 R 1227 0
1 994 R 1096 1 3
1 994 A 1227 3
1 994 R 1227 1 3
15 995 A 1209 9
21 996 A 1229 2
21 996 A 1230 1
3 997 R 1237 0
2 998 R 1234 0
2 998 A 1235 3
2 998 R 1235 1 3
2 998 R 1234 0
18 999 R 1228 0
18 999 A 1228 8
18 999 A 1228 9
18 999 R 1228 2 8 9
18 999 R 1222 0
18 999 R 1228 2 8 9
18 999 R 1229 0
18 999 R 1228 2 8 9
18 999 R 1229 0
18 999 A 1201 2
18 999 R 1229 0
18 999 A 1228 10
14 1000 A 1226 7
14 1000 R 1225 0
14 1000 A 1225 6
14 1000 A 1222 3
14 1000 A 1225 7
14 1000 A 1226 8
14 1000 R 1225 2 6 7
14 1000 R 1225 2 6 7
14 1000 A 1225 8
14 1000 R 1226 2 7 8
14 1000 A 1226 9
14 1000 R 1226 3 7 8 9
14 1000 R 1225 3 6 7 8
14 1000 A 1225 9
14 1000 R 1225 4 6 7 8 9
14 1000 A 1225 10
2 1001 R 1242 0
2 1001 A 1242 1
2 1001 R 1241 0
15 1002 R 1230 1 1
15 1002 A 1238 1
15 1002 R 1238 1 1
15 1002 A 1237 2
15 1002 R 1237 1 2
15 1002 R 1238 1 1
6 1003 A 1241 6
6 1003 R 1232 0
6 1003 R 1242 0
6 1003 A 1241 7
6 1003 R 1239 0
6 1003 A 1241 8
24 1004 A 1242 7
24 1004 R 1243 0
2 1005 R 1243 0
2 1005 A 1243 6
2 1005 R 1232 0
2 1005 R 1239 0
6 1006 A 1245 8
20 1007 R 1243 0
20 1007 R 1244 0
20 1007 R 1233 0
20 1007 A 1242 9
20 1007 R 1239 0
20 1007 R 1244 0
9 1008 R 1245 1 8
9 1008 A 1244 10
9 1008 R 1244 1 10
19 1009 R 1246 0
10 1010 R 1250 0
10 1010 A 1250 1
2 1011 A 1246 3
2 1011 A 1248 6
2 1011 R 1248 1 6
2 1011 A 1248 7
2 1011 R 1222 1 3
2 1011 R 1248 2 6 7
2 1011 A 1222 8
2 1011 A 1248 8
18 1012 R 1254 0
18 1012 R 1254 0
9 1013 R 1252 0
9 1013 R 1233 0
9 1013 R 1251 0
9 1013 R 1252 0
9 1013 R 1252 0
9 1013 A 1252 6
17 1014 R 1256 0
17 1014 R 1258 0
4 1015 A 1251 6
4 1015 R 1252 0
4 1015 R 1246 0
4 1015 A 1254 1
4 1015 A 1254 2
4 1015 A 1254 3
4 1015 A 1254 4
4 1015 R 1251 1 6
4 1015 R 1251 1 6
2 1016 A 1256 5
2 1016 R 1257 0
2 1016 R 1257 0
2 1016 A 1257 10
2 1016 R 1255 0
2 1016 A 1258 1
8 1017 R 1260 0
8 1017 A 1263 10
11 1018 A 1267 1
5 1019 A 1262 2
5 1019 A 1262 3
5 1019 A 1262 4
5 1019 R 1262 3 2 3 4
5 1019 R 1262 3 2 3 4
5 1019 R 1262 3 2 3 4
5 1019 A 1262 5
13 1020 A 1253 7
13 1020 R 1259 0
13 1020 R 1259 0
13 1020 R 1255 0
13 1020 R 1259 0
13 1020 A 1260 1
13 1020 R 1255 0
13 1020 R 1253 1 7
13 1020 R 1260 1 1
13 1020 A 1260 2
19 1021 A 1264 10
19 1021 R 1264 1 10
19 1021 R 1264 1 10
19 1021 R 1255 0
19 1021 A 1266 1
19 1021 R 1255 0
19 1021 R 1265 0
19 1021 R 1267 0
19 1021 R 1261 0
5 1022 A 1268 6
8 1023 A 1267 8
8 1023 A 1265 5
23 1024 A 1269 1
9 1025 R 1259 0
9 1025 A 1259 4
9 1025 R 1256 0
9 1025 R 1255 0
9 1025 R 1256 0
9 1025 R 1255 0
9 1025 R 1259 1 4
9 1025 A 1259 5
9 1025 R 1256 0
9 1025 R 1256 0
9 1025 R 1096 1 3
9 1025 R 1259 2 4 5
9 1025 A 1259 6
9 1025 A 1259 7
3 1026 R 1271 0
3 1026 A 1273 2
3 1026 A 1266 4
3 1026 R 1273 1 2
3 1026 A 1273 3
9 1027 R 1276 0
9 1027 R 1276 0
15 1028 A 1272 6
15 1028 R 1272 1 6
15 1028 A 1271 2
15 1028 R 1261 0
15 1028 R 1261 0
2 1029 R 1273 0
2 1029 R 1266 1 1
2 1029 R 1269 1 1
2 1029 R 1273 0
2 1029 R 1273 0
6 1030 R 1278 0
6 1030 R 1278 0
4 1031 A 1274 9
4 1031 R 1269 1 1
4 1031 R 1269 1 1
4 1031 R 1275 0
4 1031 A 1269 5
4 1031 A 1274 10
4 1031 R 1269 2 1 5
5 1032 R 1286 0
11 1033 A 1278 1
11 1033 A 1278 2
11 1033 A 1261 6
11 1033 A 1266 8
11 1033 A 1278 3
11 1033 R 1278 3 1 2 3
13 1034 R 1261 1 6
16 1035 R 1279 0
16 1035 R 1283 0
16 1035 R 1283 0
16 1035 R 1279 0
16 1035 A 1283 1
10 1036 R 1269 1 1
10 1036 R 1275 0
10 1036 A 1276 1
10 1036 A 1276 2
10 1036 A 1275 2
10 1036 R 1276 2 1 2
10 1036 R 1276 2 1 2
10 1036 A 1275 3
10 1036 R 1276 2 1 2
10 1036 R 1261 0
10 1036 A 1276 3
8 1037 R 1281 0
8 1037 A 1281 4
8 1037 A 1281 5
8 1037 A 1281 6
8 1037 R 1281 3 4 5 6
8 1037 A 1280 2
8 1037 R 1281 3 4 5 6
8 1037 A 1281 7
20 1038 A 1286 3
20 1038 A 1282 3
20 1038 A 1261 7
1 1039 R 1291 0
1 1039 A 1290 8
14 1040 A 1287 4
14 1040 R 1287 1 4
14 1040 A 1288 1
21 1041 R 1285 0
21 1041 A 1286 7
21 1041 A 1286 8
1 1042 A 1261 10
1 1042 R 1293 0
15 1043 R 1293 0
15 1043 R 1293 0
17 1044 A 1296 4
17 1044 R 1293 0
17 1044 A 1293 7
3 1045 A 1294 5
3 1045 A 1294 6
3 1045 A 1282 10
3 1045 R 1293 0
3 1045 R 1294 2 5 6
3 1045 A 1294 7
3 1045 R 1294 3 5 6 7
3 1045 R 1294 3 5 6 7
3 1045 R 1295 0
8 1046 A 1301 1
8 1046 A 1300 1
22 1047 A 1292 2
22 1047 A 1292 3
22 1047 R 1291 0
22 1047 R 1291 0
22 1047 R 1282 1 3
22 1047 R 1291 0
22 1047 R 1291 0
22 1047 R 1291 0
22 1047 R 1291 0
22 1047 R 1291 0
22 1047 R 1291 0
22 1047 R 1293 0
22 1047 A 1291 9
22 1047 R 1292 2 2 3
22 1048 R 1302 0
22 1048 R 1306 0
24 1049 R 1298 0
24 1049 R 1298 0
24 1049 A 1298 9
24 1049 A 1298 10
24 1049 R 1298 2 9 10
24 1049 R 1292 0
24 1049 R 1292 0
24 1049 R 1292 0
24 1049 R 1292 0
24 1049 R 1293 0
24 1049 R 1293 0
17 1050 R 1295 0
19 1051 R 1295 0
19 1051 R 1305 0
19 1051 A 1305 3
6 1052 A 1301 4
6 1052 A 1301 5
6 1052 R 1301 3 1 4 5
6 1052 A 1295 3
6 1052 A 1300 3
6 1052 A 1300 4
6 1052 A 1301 6
6 1052 A 1297 4
9 1053 R 1300 0
9 1053 R 1295 0
9 1053 R 1299 0
9 1053 R 1299 0
9 1053 A 1299 8
9 1053 A 1299 9
9 1053 R 1300 0
9 1053 A 1299 10
9 1053 R 1299 3 8 9 10
9 1053 R 1299 3 8 9 10
9 1053 R 1301 0
24 1054 A 1307 2
17 1055 R 1302 0
17 1055 R 1308 0
6 1056 A 1295 10
13 1057 R 1305 1 3
13 1057 A 1305 5
13 1057 R 1306 0
13 1057 A 1306 4
13 1057 R 1306 1 4
8 1058 A 1284 2
8 1058 R 1288 1 1
8 1058 A 1304 4
8 1058 A 1304 5
8 1058 R 1304 2 4 5
8 1058 R 1305 0
8 1058 R 1302 0
8 1058 R 1304 2 4 5
8 1058 R 1284 1 2
12 1059 A 1307 3
12 1059 A 1307 4
12 1059 A 1302 8
12 1059 A 1307 5
12 1059 R 1307 4 2 3 4 5
12 1059 A 1308 2
12 1059 A 1307 6
19 1060 A 1288 2
19 1060 R 1297 1 4
19 1060 R 1308 0
19 1060 R 1308 0
19 1060 R 1308 0
14 1061 R 1288 1 1
14 1061 A 1309 3
1 1062 A 1314 4
1 1062 A 1314 5
1 1062 A 1314 6
11 1063 A 1316 1
11 1063 R 1316 1 1
7 1064 R 1319 0
7 1064 R 1317 0
7 1064 R 1319 0
7 1064 R 1319 0
7 1064 R 1319 0
8 1065 R 1312 0
8 1065 R 1314 0
8 1065 R 1313 0
8 1065 R 1309 1 3
8 1065 A 1313 3
8 1065 R 1314 0
24 1066 R 1302 0
24 1066 R 1311 0
24 1066 R 1310 0
24 1066 R 1310 0
24 1066 A 1310 2
24 1066 R 1310 1 2
24 1066 A 1311 5
24 1066 R 1302 0
24 1066 R 1310 1 2
24 1066 A 1310 3
24 1066 R 1310 2 2 3
24 1066 A 1311 6
14 1067 A 1312 9
14 1067 R 1312 1 9
14 1067 A 1315 8
14 1067 R 1312 1 9
14 1067 R 1313 0
14 1067 A 1315 9
14 1067 A 1297 9
14 1067 R 1313 0
14 1067 R 1312 1 9
14 1067 A 1315 10
1 1068 R 1321 0
1 1068 A 1318 5
1 1068 R 1318 1 5
20 1069 R 1318 0
20 1069 A 1319 5
20 1069 R 1319 1 5
20 1069 R 1317 0
20 1069 A 1317 7
20 1069 A 1319 6
20 1069 A 1319 7
20 1069 R 1317 1 7
17 1070 R 1321 0
17 1070 A 1321 2
17 1070 R 1321 1 2
17 1070 A 1322 2
17 1070 A 1322 3
4 1071 A 1328 2
5 1072 A 1324 4
5 1072 R 1326 0
5 1072 R 1326 0
5 1072 R 1326 0
5 1072 R 1324 1 4
14 1073 A 1330 10
17 1074 A 1327 2
17 1074 R 1329 0
21 1075 A 1325 7
21 1075 A 1328 3
21 1075 A 1328 4
21 1075 R 1324 0
21 1075 A 1328 5
21 1075 R 1328 4 2 3 4 5
21 1075 R 1325 1 7
21 1075 R 1329 0
21 1075 A 1328 6
11 1076 R 1335 0
11 1076 R 1335 0
11 1076 R 1334 0
21 1077 R 1336 0
21 1077 R 1334 0
24 1078 A 1320 10
22 1079 R 1331 0
22 1079 A 1332 6
22 1079 A 1332 7
22 1079 R 1332 2 6 7
22 1079 A 1332 8
22 1079 A 1332 9
22 1079 A 1332 10
22 1079 R 1332 5 6 7 8 9 10
24 1080 R 1327 1 2
24 1080 R 1331 0
2 1081 R 1333 0
2 1081 A 1331 5
2 1081 R 1329 0
2 1081 A 1333 3
2 1081 A 1333 4
2 1081 R 1333 2 3 4
2 1081 R 1327 0
2 1081 R 1329 0
17 1082 A 1336 7
17 1082 R 1334 0
17 1082 R 1334 0
17 1082 R 1334 0
17 1082 R 1334 0
5 1083 R 1335 0
5 1083 A 1335 1
5 1083 R 1334 0
5 1083 R 1334 0
5 1083 A 1335 2
5 1083 A 1335 3
5 1083 R 1327 1 2
5 1083 R 1334 0
5 1083 A 1335 4
5 1083 R 1335 4 1 2 3 4
5 1083 A 1335 5
11 1084 R 1336 0
11 1084 R 1336 0
11 1084 R 1331 0
11 1084 A 1327 5
11 1084 A 1334 6
16 1085 R 1338 0
16 1085 R 1338 0
16 1085 A 1338 10
16 1085 R 1338 1 10
16 1085 R 1339 0
16 1085 A 1340 1
16 1085 A 1340 2
16 1085 R 1331 0
16 1085 R 1340 2 1 2
16 1085 A 1340 3
11 1086 R 1343 0
11 1086 A 1344 8
24 1087 R 1340 0
24 1087 R 1340 0
24 1087 A 1337 2
24 1087 R 1340 0
24 1087 R 1341 0
24 1087 A 1339 8
10 1088 R 1343 0
10 1088 R 1343 0
10 1088 A 1342 6
10 1088 A 1342 7
10 1088 R 1341 0
10 1088 R 1341 0
10 1088 R 1337 0
10 1088 A 1342 8
10 1088 A 1343 5
13 1089 R 1347 0
13 1089 R 1347 0
13 1089 A 1345 1
13 1089 A 1341 4
13 1089 A 1347 7
13 1089 R 1346 0
13 1089 A 1347 8
9 1090 A 1350 7
9 1090 R 1341 1 4
4 1091 R 1348 0
4 1091 R 1346 0
4 1091 A 1348 2
4 1091 R 1345 0
4 1091 A 1348 3
4 1091 A 1346 4
4 1091 A 1348 4
4 1091 A 1348 5
4 1091 A 1346 5
4 1091 R 1341 0
4 1091 A 1348 6
4 1091 A 1348 7
14 1092 R 1356 0
13 1093 A 1354 5
13 1093 A 1354 6
13 1093 A 1354 7
13 1093 A 1337 6
13 1093 A 1353 2
16 1094 R 1357 0
16 1094 R 1357 0
20 1095 R 1350 0
20 1095 A 1349 4
20 1095 R 1349 1 4
20 1095 R 1349 1 4
20 1095 A 1349 5
20 1095 R 1350 0
20 1095 A 1349 6
20 1095 A 1349 7
20 1095 R 1341 0
16 1096 R 1359 0
4 1097 A 1353 10
4 1097 A 1352 7
4 1097 A 1356 1
4 1097 A 1352 8
10 1098 A 1360 9
23 1099 A 1359 7
23 1099 R 1359 1 7
23 1099 A 1337 10
23 1099 R 1359 1 7
23 1099 A 1359 8
11 1100 A 1365 2
11 1100 A 1362 7
11 1100 A 1362 8
22 1101 R 1355 0
22 1101 R 1355 0
22 1101 R 1353 0
22 1101 R 1355 0
22 1101 A 1355 8
22 1101 R 1355 1 8
22 1101 A 1355 9
22 1101 R 1353 0
22 1101 A 1355 10
22 1101 R 1352 0
22 1101 A 1345 7
22 1101 R 1356 0
22 1101 R 1356 0
22 1101 A 1288 8
21 1102 R 1360 0
21 1102 A 1361 7
21 1102 R 1358 0
21 1102 R 1361 1 7
21 1102 R 1358 0
21 1102 A 1361 8
21 1102 R 1361 2 7 8
21 1102 R 1360 0
21 1102 R 1361 2 7 8
23 1103 R 1366 0
23 1103 A 1366 4
23 1103 R 1366 1 4
22 1104 A 1365 6
22 1104 R 1367 0
11 1105 A 1369 8
11 1105 R 1368 0
11 1105 A 1284 9
1 1106 A 1370 2
1 1106 R 1364 0
1 1106 A 1370 3
1 1106 R 1370 2 2 3
1 1106 R 1364 0
1 1106 R 1364 0
21 1107 A 1368 7
21 1107 R 1370 0
21 1107 R 1367 0
23 1108 R 1368 0
23 1108 A 1367 2
23 1108 R 1364 0
18 1109 R 1370 0
18 1109 R 1364 0
18 1109 A 1288 10
9 1110 R 1368 1 7
9 1110 A 1367 7
9 1110 A 1373 1
14 1111 R 1371 0
14 1111 A 1374 2
14 1111 R 1374 1 2
22 1112 A 1364 9
22 1112 R 1368 0
22 1112 A 1370 10
22 1112 R 1370 3 2 3 10
22 1112 R 1370 3 2 3 10
22 1112 A 1364 10
22 1112 R 1372 0
10 1113 R 1374 0
10 1113 R 1374 0
10 1113 A 1376 3
10 1113 R 1367 1 2
1 1114 R 1372 0
1 1114 R 1373 0
1 1114 R 1372 0
1 1114 R 1371 0
1 1114 A 1372 8
22 1115 R 1381 0
22 1115 R 1383 0
22 1115 R 1381 0
13 1116 R 1379 0
13 1116 A 1374 9
13 1116 R 1379 0
13 1116 A 1365 8
13 1116 A 1371 10
14 1117 A 1384 3
14 1117 A 1382 4
14 1117 R 1384 1 3
14 1117 R 1384 1 3
14 1117 R 1384 1 3
6 1118 R 1387 0
23 1119 A 1381 9
23 1119 R 1381 1 9
23 1119 A 1385 1
13 1120 A 1387 1
24 1121 A 1367 10
24 1121 A 1379 4
24 1121 R 1381 0
24 1121 A 1380 4
24 1121 R 1379 1 4
24 1121 R 1379 1 4
24 1121 R 1367 3 2 7 10
24 1121 A 1380 5
24 1121 R 1380 2 4 5
24 1121 A 1379 5
24 1121 A 1379 6
24 1121 A 1380 6
24 1121 A 1380 7
15 1122 R 1382 1 4
15 1122 R 1387 0
15 1122 R 1386 0
15 1122 A 1383 8
20 1123 A 1389 3
20 1123 R 1390 0
23 1124 R 1365 3 2 6 8
23 1124 R 1389 0
23 1124 A 1390 1
23 1124 A 1390 2
23 1124 R 1365 3 2 6 8
21 1125 R 1398 0
14 1126 R 1386 0
14 1126 R 1386 0
14 1126 A 1387 2
14 1126 R 1387 2 1 2
14 1126 A 1386 2
14 1126 A 1387 3
14 1126 A 1387 4
14 1126 R 1383 0
14 1126 A 1387 5
14 1126 R 1386 1 2
2 1127 R 1399 0
20 1128 R 1395 0
20 1128 A 1395 4
20 1128 A 1395 5
20 1128 A 1395 6
14 1129 R 1400 0
14 1129 R 1398 0
22 1130 A 1399 8
22 1130 A 1399 9
22 1130 A 1399 10
22 1130 R 1400 0
14 1131 R 1402 0
14 1131 R 1400 0
11 1132 A 1398 10
11 1132 A 1400 2
11 1132 A 1400 3
11 1132 R 1400 2 2 3
4 1133 R 1397 0
4 1133 A 1396 8
4 1133 A 1397 3
4 1133 A 1396 9
4 1133 R 1396 2 8 9
4 1133 A 1397 4
4 1133 A 1396 10
4 1133 A 1397 5
4 1133 R 1396 3 8 9 10
1 1134 R 1392 0
1 1134 A 1392 2
1 1134 R 1392 1 2
1 1134 A 1392 3
1 1134 A 1392 4
1 1134 R 1389 1 3
1 1134 A 1392 5
1 1134 A 1392 6
1 1134 A 1391 2
1 1134 R 1392 5 2 3 4 5 6
1 1134 R 1389 1 3
1 1134 R 1389 1 3
1 1134 A 1392 7
1 1134 R 1392 6 2 3 4 5 6 7
16 1135 A 1401 5
16 1135 A 1402 8
14 1136 R 1403 0
14 1136 R 1378 0
11 1137 R 1402 0
11 1137 R 1404 0
11 1137 R 1403 0
7 1138 R 1405 0
3 1139 R 1407 0
3 1139 R 1409 0
18 1140 R 1389 1 3
18 1140 A 1393 3
18 1140 A 1393 4
18 1140 R 1388 0
18 1140 R 1388 0
18 1140 A 1389 9
18 1140 R 1393 2 3 4
18 1140 A 1388 2
18 1140 A 1393 5
18 1140 R 1394 0
18 1140 R 1389 2 3 9
18 1140 R 1389 2 3 9
18 1140 A 1393 6
18 1140 R 1389 2 3 9
18 1140 A 1393 7
18 1140 R 1393 5 3 4 5 6 7
15 1141 A 1407 4
15 1141 R 1407 1 4
15 1141 R 1407 1 4
8 1142 R 1409 0
8 1142 R 1408 0
23 1143 R 1406 0
23 1143 R 1406 0
23 1143 A 1406 6
23 1143 R 1405 0
9 1144 A 1404 8
13 1145 R 1408 0
13 1145 R 1410 0
16 1146 A 1404 4
16 1146 A 1405 8
3 1147 R 1411 0
3 1147 A 1411 4
3 1147 R 1411 1 4
4 1148 A 1408 8
18 1149 R 1404 2 4 8
18 1149 R 1413 0
18 1149 R 1413 0
18 1149 R 1413 0
18 1149 A 1412 4
18 1149 A 1404 9
13 1150 R 1408 0
13 1150 R 1416 0
13 1150 R 1408 0
13 1150 A 1416 3
13 1150 R 1408 0
19 1151 R 1417 0
13 1152 A 1418 5
13 1152 R 1417 0
19 1153 R 1421 0
19 1153 R 1421 0
4 1154 R 1417 0
4 1154 R 1417 0
4 1154 A 1413 7
4 1154 A 1142 9
4 1154 R 1415 0
4 1155 R 1423 0
20 1156 R 1423 0
20 1156 A 1415 7
20 1156 A 1423 1
20 1156 R 1414 0
1 1157 A 1421 6
1 1157 R 1422 0
1 1157 R 1421 1 6
1 1157 A 1421 7
1 1158 A 1426 10
1 1158 A 1428 4
23 1159 A 1418 9
23 1159 R 1420 0
23 1159 A 1418 10
23 1159 R 1378 0
23 1159 R 1419 0
23 1159 A 1420 10
23 1159 R 1418 3 5 9 10
23 1159 R 1421 0
23 1159 R 1421 0
21 1160 R 1423 1 1
21 1160 R 1414 0
21 1160 R 1423 1 1
21 1160 A 1422 10
21 1160 R 1423 1 1
9 1161 R 1429 0
9 1161 R 1427 0
5 1162 R 1427 0
5 1162 A 1429 2
5 1162 R 1429 1 2
5 1162 A 1429 3
5 1162 R 1428 1 4
5 1162 R 1429 2 2 3
12 1163 R 1431 0
4 1164 R 1426 0
4 1164 R 1424 0
4 1164 R 1426 0
4 1164 A 1414 4
4 1164 R 1426 0
4 1164 A 1424 9
4 1164 A 1424 10
4 1164 R 1426 0
6 1165 A 1434 8
11 1166 A 1438 6
11 1166 A 1438 7
11 1166 A 1434 7
16 1167 A 1433 10
16 1167 R 1431 0
16 1167 R 1415 1 7
16 1167 R 1433 1 10
16 1167 R 1431 0
16 1167 R 1433 1 10
16 1167 A 1435 1
16 1167 A 1435 2
16 1167 A 1435 3
16 1167 A 1435 4
4 1168 A 1436 2
4 1168 R 1434 1 8
4 1168 A 1439 3
4 1168 R 1439 1 3
10 1169 R 1431 0
10 1169 R 1434 0
10 1169 R 1434 0
10 1169 R 1436 0
10 1169 A 1431 5
10 1169 R 1431 1 5
10 1169 R 1431 1 5
10 1169 A 1437 1
10 1169 A 1437 2
10 1169 R 1437 2 1 2
10 1169 A 1437 3
8 1170 R 1436 1 2
1 1171 A 1430 1
1 1171 R 1430 1 1
1 1171 R 1427 0
1 1171 A 1430 2
1 1171 A 1430 3
1 1171 R 1415 1 7
1 1171 A 1430 4
1 1171 R 1430 4 1 2 3 4
1 1171 R 1431 0
1 1171 A 1427 8
1 1171 A 1430 5
1 1171 A 1427 9
1 1171 R 1430 5 1 2 3 4 5
1 1171 A 1430 6
1 1172 R 1442 0
24 1173 R 1440 0
24 1173 A 1440 6
24 1173 A 1440 7
10 1174 R 1444 0
10 1174 R 1443 0
10 1174 A 1378 10
10 1174 A 1444 9
1 1175 R 1446 0
1 1175 R 1442 0
18 1176 A 1446 7
8 1177 R 1442 0
8 1177 A 1443 3
8 1177 R 1375 0
8 1177 R 1444 0
8 1177 R 1444 0
6 1178 R 1442 0
6 1178 R 1446 1 7
6 1178 A 1446 9
11 1179 R 1441 0
11 1179 R 1441 0
11 1179 A 1439 8
11 1179 R 1441 0
11 1179 A 1439 9
11 1179 R 1441 0
11 1179 R 1436 1 2
11 1179 R 1442 0
11 1179 A 1439 10
11 1179 A 1442 1
11 1179 R 1439 4 3 8 9 10
7 1180 A 1453 1
7 1180 A 1452 4
15 1181 R 1451 0
15 1181 R 1452 0
15 1181 R 1452 0
15 1181 A 1451 4
15 1181 A 1445 6
15 1181 R 1451 1 4
15 1181 R 1452 0
23 1182 R 1449 0
23 1182 R 1449 0
23 1182 A 1447 6
23 1182 R 1449 0
23 1182 R 1449 0
23 1182 A 1375 6
23 1182 A 1449 2
23 1182 A 1447 7
23 1182 A 1449 3
23 1182 R 1449 2 2 3
23 1182 A 1449 4
