3000
7 1 R 29 0
7 1 R 1902 0
8 2 R 1863 0
8 2 R 1896 0
2 3 R 729 0
2 3 R 242 0
5 4 R 740 0
5 4 R 1378 0
4 5 A 1690 45
4 5 A 296 66
2 6 A 1013 3
2 6 A 1532 7
5 7 A 535 99
5 7 R 1675 0
7 8 A 1933 1
7 8 R 466 0
3 9 A 1859 80
3 9 A 172 3
6 10 A 1756 53
6 10 A 879 3
8 11 A 769 2
8 11 A 83 35
4 12 R 1205 0
4 12 A 550 8
8 13 A 1627 1
8 13 R 414 0
7 14 A 1006 1
7 14 R 1410 0
4 15 A 1604 39
4 15 A 700 3
7 16 R 1725 0
7 16 R 1336 0
8 17 R 1650 0
8 17 R 1383 0
4 18 A 1613 3
4 18 R 1292 0
7 19 A 1663 2
7 19 R 534 0
8 20 A 1796 18
8 20 R 344 0
4 21 R 142 0
4 21 R 734 0
7 22 R 40 0
7 22 R 25 0
8 23 A 504 45
8 23 R 11 0
8 24 R 764 0
8 24 R 1268 0
4 25 A 1746 4
4 25 A 213 2
8 26 R 616 0
8 26 R 1930 0
7 27 A 230 1
7 27 A 673 43
4 28 R 1788 0
4 28 R 763 0
8 29 A 1282 8
8 29 A 1751 1
7 30 R 1741 0
7 30 A 515 11
4 31 A 397 2
4 31 A 1488 2
8 32 A 51 39
8 32 A 1335 2
7 33 R 1904 0
7 33 A 1698 12
4 34 R 638 0
4 34 A 918 4
8 35 A 800 22
8 35 R 1004 0
8 36 R 1379 0
8 36 R 701 0
4 37 R 1290 0
4 37 A 775 50
8 38 R 73 0
8 38 A 1371 8
4 39 R 208 0
4 39 A 761 1
8 40 A 929 1
8 40 R 639 0
4 41 R 137 0
4 41 R 1355 0
4 42 A 1316 31
4 42 R 1116 0
8 43 A 1869 4
8 43 R 1532 1 7
4 44 A 1177 55
4 44 R 772 0
8 45 R 1100 0
8 45 A 86 1
4 46 R 1420 0
4 46 R 1527 0
8 47 R 1827 0
8 47 R 1345 0
4 48 A 213 31
4 48 R 466 0
8 49 A 314 69
8 49 R 277 0
4 50 A 177 1
4 50 R 100 0
8 51 A 1568 76
8 51 R 1405 0
4 52 R 1553 0
4 52 A 1585 7
8 53 R 1555 0
8 53 A 947 1
4 54 A 1733 2
4 54 A 1204 2
8 55 A 757 18
8 55 A 1989 15
4 56 A 980 4
4 56 A 40 14
8 57 R 1250 0
8 57 A 836 3
4 58 A 645 14
4 58 R 1624 0
8 59 A 825 31
8 59 R 740 0
4 60 R 1654 0
4 60 A 1032 34
8 61 R 1416 0
8 61 A 652 61
4 62 A 1427 61
4 62 R 80 0
4 63 R 723 0
4 63 R 686 0
8 64 A 1694 55
8 64 A 1357 15
4 65 R 1393 0
4 65 R 1317 0
4 66 R 1672 0
4 66 R 1368 0
8 67 A 1848 5
8 67 R 620 0
4 68 R 1532 1 7
4 68 A 1744 18
8 69 A 26 1
8 69 A 236 8
4 70 R 210 0
4 70 A 1928 81
8 71 A 993 1
8 71 R 1874 0
4 72 R 1548 0
4 72 A 870 27
4 73 R 964 0
4 73 R 1933 1 1
8 74 R 1785 0
8 74 A 997 83
4 75 A 256 3
4 75 R 301 0
8 76 A 811 75
8 76 R 868 0
8 77 R 1479 0
8 77 R 498 0
4 78 R 1880 0
4 78 A 869 1
8 79 R 283 0
8 79 A 1055 1
4 80 A 1245 10
4 80 R 1631 0
4 81 R 1566 0
4 81 R 1629 0
8 82 A 1066 87
8 82 R 610 0
4 83 A 1430 1
4 83 R 1553 0
8 84 R 164 0
8 84 R 1493 0
4 85 R 176 0
4 85 A 227 94
8 86 A 161 1
8 86 A 820 10
4 87 A 381 16
4 87 A 280 20
10 88 R 1660 0
10 88 A 1329 1
4 89 R 313 0
4 89 R 490 0
2 90 A 473 39
2 90 A 1530 6
5 91 A 708 1
5 91 A 1717 9
4 92 R 292 0
4 92 R 1999 0
6 93 A 1025 21
6 93 R 1429 0
10 94 R 697 0
10 94 A 1996 32
4 95 R 1013 1 3
4 95 A 1448 2
6 96 A 892 2
6 96 R 1079 0
6 97 R 1132 0
6 97 R 506 0
4 98 R 960 0
4 98 A 1029 87
6 99 R 732 0
6 99 R 1867 0
4 100 A 1455 1
4 100 A 1784 13
4 101 R 477 0
4 101 R 234 0
6 102 A 1760 2
6 102 R 846 0
4 103 A 1845 4
4 103 R 11 0
6 104 A 1360 3
6 104 R 882 0
6 105 R 357 0
6 105 R 1193 0
4 106 A 1739 2
4 106 A 365 2
6 107 R 534 0
6 107 R 1503 0
4 108 A 1427 16
4 108 A 1437 3
6 109 A 296 1
6 109 A 1913 62
4 110 R 564 0
4 110 R 1321 0
6 111 R 1246 0
6 111 R 1220 0
4 112 R 1056 0
4 112 A 1631 4
7 113 R 345 0
7 113 A 315 9
4 114 A 920 13
4 114 R 1960 0
7 115 R 2 0
7 115 A 862 8
4 116 R 1084 0
4 116 A 1208 18
7 117 A 1118 31
7 117 A 798 6
4 118 A 1671 14
4 118 A 88 8
7 119 A 769 13
7 119 R 847 0
4 120 R 1052 0
4 120 A 1541 1
7 121 R 577 0
7 121 A 1658 4
4 122 A 909 8
4 122 R 647 0
7 123 A 1764 1
7 123 R 469 0
4 124 R 1363 0
4 124 A 381 10
7 125 A 992 1
7 125 A 1259 9
4 126 A 559 1
4 126 R 1332 0
7 127 A 886 8
7 127 A 593 13
4 128 R 906 0
4 128 R 1495 0
4 129 R 1116 0
4 129 R 1089 0
7 130 A 1625 40
7 130 A 1863 1
4 131 A 87 1
4 131 A 1953 50
7 132 A 1232 11
7 132 R 646 0
4 133 R 1582 0
4 133 A 308 1
7 134 A 1171 3
7 134 A 1535 3
7 135 R 1228 0
7 135 R 453 0
4 136 A 60 3
4 136 A 896 9
7 137 A 1688 4
7 137 A 447 2
4 138 A 40 2
4 138 A 957 1
7 139 R 1076 0
7 139 A 1300 60
4 140 R 789 0
4 140 R 807 0
4 141 R 879 1 3
4 141 R 657 0
7 142 A 1635 6
7 142 A 677 3
4 143 R 1876 0
4 143 A 1785 15
4 144 R 565 0
4 144 R 1595 0
7 145 A 857 6
7 145 A 980 1
4 146 A 1224 2
4 146 R 90 0
4 147 R 1549 0
4 147 R 804 0
7 148 R 1584 0
7 148 A 74 1
4 149 R 931 0
4 149 R 458 0
4 150 R 1515 0
4 150 R 252 0
4 151 R 1239 0
4 151 R 981 0
7 152 A 444 6
7 152 R 1161 0
4 153 R 571 0
4 153 A 1621 92
7 154 A 646 1
7 154 R 1386 0
4 155 A 1601 1
4 155 A 220 4
7 156 A 823 13
7 156 R 634 0
7 157 R 1846 0
7 157 R 107 0
4 158 A 671 1
4 158 R 250 0
7 159 A 1662 18
7 159 A 1327 3
4 160 A 33 65
4 160 A 810 6
4 161 R 282 0
4 161 R 441 0
7 162 A 713 41
7 162 A 1815 27
7 163 R 12 0
7 163 R 1125 0
4 164 R 1441 0
4 164 A 106 5
4 165 R 796 0
4 165 R 747 0
7 166 A 1055 24
7 166 A 145 9
4 167 R 1227 0
4 167 R 33 1 65
7 168 A 824 4
7 168 A 36 6
4 169 R 1972 0
4 169 A 829 2
7 170 R 598 0
7 170 A 1971 86
4 171 A 557 1
4 171 A 1017 28
2 172 A 897 22
2 172 R 1109 0
5 173 A 1914 28
5 173 A 1641 2
7 174 A 616 14
7 174 A 820 1
5 175 R 1276 0
5 175 R 1785 1 15
7 176 R 1668 0
7 176 R 898 0
4 177 A 830 48
4 177 R 1905 0
10 178 R 1079 0
10 178 A 965 53
4 179 A 1420 30
4 179 R 779 0
10 180 A 1271 8
10 180 R 1602 0
10 181 R 1139 0
10 181 R 1807 0
4 182 A 1512 100
4 182 R 1910 0
10 183 R 1086 0
10 183 A 532 3
10 184 R 771 0
10 184 R 176 0
10 185 R 1784 1 13
10 185 R 936 0
10 186 R 1710 0
10 186 R 1661 0
4 187 A 1390 19
4 187 A 1011 1
4 188 R 1409 0
4 188 R 516 0
10 189 A 972 10
10 189 R 1298 0
4 190 A 1481 1
4 190 A 1695 25
10 191 R 779 0
10 191 R 725 0
4 192 A 1764 23
4 192 A 206 32
6 193 A 1712 20
6 193 A 1392 62
10 194 R 961 0
10 194 A 210 8
4 195 R 238 0
4 195 A 1390 46
6 196 R 718 0
6 196 R 1322 0
10 197 A 1885 12
10 197 A 697 39
10 198 R 1279 0
10 198 R 1732 0
6 199 A 420 1
6 199 A 875 12
4 200 A 433 2
4 200 A 1878 27
6 201 R 989 0
6 201 A 491 1
10 202 A 1808 2
10 202 R 959 0
6 203 R 299 0
6 203 A 834 1
10 204 A 212 21
10 204 R 1238 0
6 205 R 523 0
6 205 A 1304 58
6 206 R 597 0
6 206 R 622 0
10 207 A 165 2
10 207 A 1292 34
6 208 R 1539 0
6 208 A 62 68
10 209 R 1648 0
10 209 A 259 2
6 210 R 1108 0
6 210 A 1197 37
6 211 R 802 0
6 211 R 851 0
10 212 A 769 20
10 212 A 305 34
10 213 R 1532 1 7
10 213 R 170 0
6 214 R 660 0
6 214 A 599 1
10 215 A 345 1
10 215 R 524 0
6 216 A 960 13
6 216 R 1758 0
10 217 A 1531 21
10 217 R 914 0
6 218 A 1533 13
6 218 R 1872 0
6 219 R 1690 1 45
6 219 R 270 0
10 220 A 1590 1
10 220 R 3 0
6 221 A 1317 1
6 221 R 86 1 1
10 222 R 1097 0
10 222 A 564 1
6 223 A 1585 12
6 223 A 1677 4
10 224 A 1153 6
10 224 R 1789 0
6 225 A 379 1
6 225 R 880 0
6 226 R 156 0
6 226 R 572 0
10 227 A 1675 81
10 227 R 1820 0
6 228 A 776 9
6 228 A 439 1
6 229 R 882 0
6 229 R 1461 0
10 230 A 753 37
10 230 R 1401 0
6 231 R 1042 0
6 231 R 1638 0
10 232 R 1212 0
10 232 R 558 0
6 233 A 671 82
6 233 R 329 0
6 234 R 1225 0
6 234 R 610 0
6 235 R 1033 0
6 235 R 270 0
10 236 A 1428 1
10 236 A 917 2
6 237 A 932 22
6 237 R 1907 0
10 238 A 273 1
10 238 A 871 1
10 239 R 807 0
10 239 R 684 0
6 240 R 1323 0
6 240 A 1164 3
6 241 R 458 0
6 241 R 363 0
10 242 A 1281 1
10 242 R 1327 1 3
6 243 R 1113 0
6 243 R 34 0
10 244 R 1133 0
10 244 R 1619 0
6 245 A 1381 5
6 245 A 162 2
10 246 A 1425 4
10 246 R 526 0
6 247 A 917 5
6 247 R 323 0
10 248 R 1051 0
10 248 A 630 17
10 249 R 920 1 13
10 249 R 1641 1 2
6 250 R 641 0
6 250 A 332 1
10 251 A 1572 1
10 251 A 874 8
6 252 A 876 1
6 252 A 1832 12
6 253 R 245 0
6 253 R 1405 0
10 254 A 296 2
10 254 A 215 3
6 255 R 499 0
6 255 A 1765 4
6 256 R 1275 0
6 256 R 67 0
6 257 R 1516 0
6 257 R 703 0
10 258 A 529 8
10 258 A 119 25
6 259 A 525 8
6 259 A 1219 8
10 260 R 1901 0
10 260 A 139 9
6 261 A 1565 20
6 261 A 1401 1
10 262 A 808 32
10 262 A 1098 21
6 263 A 1021 1
6 263 R 987 0
8 264 R 304 0
8 264 A 266 7
8 265 R 1972 0
8 265 A 629 7
8 266 R 1530 1 6
8 266 R 672 0
6 267 A 1292 86
6 267 A 1893 5
2 268 A 478 20
2 268 R 1249 0
6 269 R 446 0
6 269 R 480 0
2 270 R 1363 0
2 270 R 804 0
8 271 A 456 16
8 271 A 1232 25
8 272 R 1984 0
8 272 R 47 0
6 273 A 1293 23
6 273 R 355 0
6 274 R 844 0
6 274 R 513 0
8 275 R 350 0
8 275 A 1415 10
6 276 A 713 9
6 276 A 417 24
8 277 R 159 0
8 277 A 444 2
8 278 R 50 0
8 278 R 1413 0
6 279 R 694 0
6 279 A 1239 2
8 280 A 1600 8
8 280 R 1186 0
6 281 A 1274 3
6 281 R 965 1 53
8 282 A 855 34
8 282 R 1596 0
6 283 R 1464 0
6 283 A 939 86
8 284 A 1106 49
8 284 R 265 0
6 285 A 892 1
6 285 R 535 1 99
8 286 A 1468 89
8 286 A 1216 12
8 287 R 1809 0
8 287 R 1956 0
6 288 A 828 20
6 288 A 1443 39
8 289 A 272 1
8 289 R 46 0
8 290 R 944 0
8 290 R 959 0
6 291 A 868 22
6 291 R 1200 0
4 292 R 300 0
4 292 A 1078 7
8 293 R 201 0
8 293 A 629 5
6 294 A 112 18
6 294 A 318 1
4 295 R 1713 0
4 295 A 189 23
6 296 R 1617 0
6 296 R 307 0
8 297 A 1628 1
8 297 A 779 18
6 298 A 1505 4
6 298 R 1878 1 27
4 299 A 74 50
4 299 R 1898 0
6 300 R 173 0
6 300 R 1796 1 18
8 301 A 1764 8
8 301 R 349 0
8 302 R 730 0
8 302 R 1069 0
4 303 A 97 7
4 303 R 408 0
4 304 R 675 0
4 304 R 542 0
8 305 A 1813 20
8 305 R 1986 0
4 306 A 200 71
4 306 R 1046 0
8 307 A 1837 18
8 307 A 1006 37
4 308 R 1754 0
4 308 A 914 13
4 309 R 1721 0
4 309 R 255 0
8 310 A 252 1
8 310 R 1921 0
4 311 A 1175 59
4 311 A 692 59
8 312 A 1736 46
8 312 A 85 57
4 313 R 881 0
4 313 A 1376 1
8 314 A 957 9
8 314 R 550 1 8
8 315 R 985 0
8 315 R 1172 0
4 316 A 150 81
4 316 A 1305 2
8 317 R 49 0
8 317 R 1119 0
8 318 R 1029 1 87
8 318 R 1331 0
4 319 A 1325 1
4 319 R 344 0
4 320 R 1004 0
4 320 R 1138 0
8 321 A 1148 1
8 321 A 1643 3
4 322 A 1497 1
4 322 A 1653 22
4 323 R 1583 0
4 323 R 1174 0
4 324 R 10 0
4 324 R 245 0
8 325 A 1551 13
8 325 A 1012 2
4 326 A 593 16
4 326 A 880 1
8 327 A 421 6
8 327 A 1027 19
4 328 A 447 2
4 328 A 1109 4
4 329 R 1819 0
4 329 R 861 0
4 330 R 627 0
4 330 R 194 0
8 331 A 1569 27
8 331 R 1279 0
4 332 A 1256 2
4 332 R 506 0
4 333 R 985 0
4 333 R 1094 0
8 334 A 1281 1
8 334 R 1361 0
4 335 R 950 0
4 335 R 284 0
4 336 R 669 0
4 336 A 1380 20
8 337 A 612 53
8 337 A 1614 1
4 338 A 1275 6
4 338 R 1947 0
4 339 R 1752 0
4 339 R 102 0
8 340 A 645 7
8 340 R 1426 0
4 341 A 1463 12
4 341 R 1262 0
4 342 R 596 0
4 342 R 766 0
8 343 A 197 6
8 343 R 1621 1 92
8 344 R 68 0
8 344 R 99 0
4 345 A 520 11
4 345 R 265 0
8 346 A 1006 8
8 346 A 719 3
4 347 A 1504 27
4 347 A 726 1
8 348 R 1995 0
8 348 A 1323 5
4 349 A 1799 1
4 349 A 955 2
8 350 R 698 0
8 350 A 809 50
1 351 R 79 0
1 351 A 174 9
8 352 R 585 0
8 352 R 225 0
1 353 R 988 0
1 353 R 699 0
4 354 A 227 38
4 354 A 17 5
1 355 R 989 0
1 355 R 1395 0
8 356 A 252 81
8 356 R 1437 1 3
4 357 A 786 100
4 357 A 1383 2
1 358 A 684 85
1 358 A 1732 2
8 359 A 1743 93
8 359 R 122 0
5 360 A 1214 82
5 360 R 1847 0
8 361 R 1499 0
8 361 R 117 0
1 362 R 698 0
1 362 A 499 15
4 363 A 1453 9
4 363 A 1628 1
5 364 A 723 3
5 364 R 312 0
1 365 A 1364 2
1 365 A 1767 61
4 366 A 1203 6
4 366 A 1394 33
2 367 R 617 0
2 367 A 1730 1
1 368 A 71 15
1 368 R 37 0
4 369 R 123 0
4 369 A 1225 10
1 370 A 1453 1
1 370 R 1744 1 18
4 371 R 1242 0
4 371 A 418 13
1 372 R 1005 0
1 372 A 954 12
4 373 R 148 0
4 373 A 1811 34
1 374 R 878 0
1 374 A 255 3
4 375 A 56 16
4 375 A 1342 17
1 376 A 1400 2
1 376 R 1366 0
4 377 A 183 100
4 377 R 493 0
1 378 A 1291 94
1 378 A 1724 7
4 379 A 1409 44
4 379 R 1484 0
1 380 A 1110 26
1 380 A 476 47
1 381 R 1451 0
1 381 R 1671 1 14
4 382 A 1531 28
4 382 R 373 0
4 383 A 29 1
4 383 R 1289 0
4 384 R 18 0
4 384 R 404 0
1 385 A 14 32
1 385 R 371 0
4 386 A 1469 3
4 386 R 322 0
1 387 A 15 12
1 387 A 1439 18
1 388 R 367 0
1 388 R 88 1 8
4 389 A 419 6
4 389 R 251 0
1 390 R 733 0
1 390 A 1141 4
4 391 R 378 0
4 391 A 889 1
4 392 R 212 1 21
4 392 R 1459 0
1 393 A 1118 6
1 393 A 473 23
4 394 R 1057 0
4 394 R 1070 0
1 395 R 758 0
1 395 R 1903 0
4 396 R 525 1 8
4 396 R 959 0
6 397 A 1615 42
6 397 R 1862 0
4 398 R 947 1 1
4 398 R 1061 0
6 399 R 866 0
6 399 R 877 0
1 400 R 116 0
1 400 A 1999 3
1 401 R 1072 0
1 401 R 1288 0
1 402 R 1662 1 18
1 402 R 627 0
4 403 A 308 58
4 403 A 783 27
1 404 R 944 0
1 404 A 643 7
4 405 A 1546 63
4 405 A 45 16
1 406 A 28 100
1 406 R 602 0
4 407 A 1737 2
4 407 A 1523 2
4 408 R 291 0
4 408 R 507 0
1 409 A 1310 2
1 409 A 387 2
1 410 R 1019 0
1 410 R 1428 1 1
4 411 A 682 6
4 411 A 1369 9
1 412 A 1747 2
1 412 A 761 40
4 413 A 1292 26
4 413 R 862 1 8
1 414 R 369 0
1 414 A 986 75
1 415 R 1285 0
1 415 R 1353 0
4 416 R 1616 0
4 416 A 519 7
1 417 R 493 0
1 417 R 1452 0
4 418 A 1236 47
4 418 R 1305 1 2
1 419 A 921 26
1 419 A 909 1
4 420 A 1235 17
4 420 A 908 1
1 421 R 1082 0
1 421 A 1137 7
4 422 A 1624 27
4 422 R 1552 0
1 423 A 187 3
1 423 A 1578 44
1 424 A 35 71
1 424 R 441 0
1 425 R 725 0
1 425 R 1473 0
1 426 A 627 7
1 426 A 947 60
1 427 A 750 8
1 427 R 844 0
1 428 R 641 0
1 428 A 1806 1
1 429 R 997 1 83
1 429 A 117 3
1 430 A 804 9
1 430 A 1958 1
1 431 A 1103 1
1 431 R 447 2 2 2
1 432 A 1974 1
1 432 A 543 19
1 433 R 1389 0
1 433 R 893 0
1 434 R 2 0
1 434 R 47 0
9 435 R 1730 1 1
9 435 A 1026 3
10 436 A 1846 62
10 436 R 1812 0
1 437 A 391 2
1 437 R 919 0
9 438 A 1781 9
9 438 R 424 0
9 439 A 446 5
9 439 R 1465 0
10 440 A 1222 10
10 440 A 74 89
9 441 R 13 0
9 441 A 1322 60
7 442 A 527 2
7 442 R 1996 1 32
9 443 A 865 8
9 443 A 149 9
10 444 A 347 2
10 444 R 1691 0
5 445 A 641 9
5 445 R 409 0
2 446 A 1558 9
2 446 R 738 0
5 447 R 1446 0
5 447 A 1081 64
10 448 A 390 6
10 448 R 573 0
9 449 A 1611 2
9 449 R 1888 0
10 450 R 576 0
10 450 R 1414 0
9 451 R 1698 1 12
9 451 R 64 0
2 452 R 461 0
2 452 A 1404 14
9 453 R 1764 3 1 23 8
9 453 R 335 0
5 454 R 892 2 2 1
5 454 R 1059 0
10 455 A 853 22
10 455 R 1813 1 20
5 456 A 572 54
5 456 A 1561 6
9 457 A 1978 27
9 457 A 1145 1
2 458 A 1047 15
2 458 A 408 18
10 459 R 282 0
10 459 R 1046 0
10 460 R 221 0
10 460 R 1998 0
10 461 R 1083 0
10 461 R 501 0
5 462 R 415 0
5 462 A 1930 15
10 463 R 1770 0
10 463 R 1613 1 3
2 464 A 121 17
2 464 A 632 24
9 465 A 1222 1
9 465 A 1377 11
5 466 R 417 1 24
5 466 A 908 20
10 467 A 946 2
10 467 R 1098 1 21
5 468 A 864 62
5 468 A 1447 73
10 469 A 551 1
10 469 A 526 34
9 470 A 466 63
9 470 R 1133 0
10 471 R 930 0
10 471 R 1236 1 47
5 472 R 752 0
5 472 A 1397 34
9 473 A 121 1
9 473 R 1532 1 7
10 474 A 416 1
10 474 A 1197 2
10 475 R 410 0
10 475 A 1386 1
9 476 A 1440 1
9 476 R 1747 1 2
5 477 A 1773 49
5 477 A 781 1
9 478 R 1408 0
9 478 R 296 3 66 1 2
9 479 R 83 1 35
9 479 R 1330 0
5 480 R 1050 0
5 480 A 900 3
10 481 A 874 20
10 481 A 315 3
9 482 A 321 12
9 482 R 1066 1 87
10 483 A 862 54
10 483 R 1736 1 46
5 484 A 1371 1
5 484 A 798 20
9 485 A 1714 20
9 485 R 1471 0
10 486 A 1451 1
10 486 A 301 17
9 487 A 365 1
9 487 A 812 17
5 488 A 678 15
5 488 R 1893 1 5
10 489 A 1587 1
10 489 R 1028 0
9 490 A 767 1
9 490 R 1083 0
5 491 R 325 0
5 491 A 1832 49
9 492 A 1368 11
9 492 A 128 2
10 493 A 1255 2
10 493 A 1949 2
5 494 R 1464 0
5 494 R 1219 1 8
10 495 R 1139 0
10 495 A 1433 1
10 496 A 840 18
10 496 R 565 0
5 497 A 122 27
5 497 R 1336 0
5 498 R 1616 0
5 498 A 382 9
5 499 A 1855 4
5 499 R 838 0
10 500 R 1736 1 46
10 500 A 804 3
10 501 R 649 0
10 501 R 1634 0
5 502 A 390 18
5 502 A 88 2
10 503 R 1279 0
10 503 A 690 12
10 504 R 1520 0
10 504 A 76 25
10 505 A 1150 47
10 505 R 723 1 3
10 506 R 485 0
10 506 A 1607 2
10 507 A 917 5
10 507 A 19 3
10 508 A 1958 48
10 508 R 1903 0
3 509 R 1493 0
3 509 A 1218 2
10 510 A 1482 11
10 510 R 427 0
3 511 A 1762 1
3 511 R 158 0
10 512 A 231 32
10 512 R 1201 0
1 513 A 1233 1
1 513 A 1255 17
10 514 A 620 4
10 514 A 574 12
3 515 A 953 2
3 515 A 218 2
1 516 A 604 1
1 516 A 838 1
8 517 R 1977 0
8 517 A 1803 17
8 518 R 1328 0
8 518 R 274 0
3 519 R 1728 0
3 519 A 1411 6
8 520 A 980 60
8 520 R 1812 0
7 521 R 1059 0
7 521 A 1234 1
10 522 A 86 50
10 522 A 72 3
1 523 A 1094 28
1 523 A 1266 14
1 524 R 1784 1 13
1 524 R 744 0
3 525 A 317 29
3 525 A 761 54
1 526 R 204 0
1 526 R 425 0
3 527 R 1203 1 6
3 527 R 1767 1 61
3 528 A 429 17
3 528 A 1680 1
7 529 R 81 0
7 529 R 923 0
1 530 A 1326 6
1 530 R 1533 1 13
3 531 R 1528 0
3 531 R 693 0
1 532 R 107 0
1 532 R 1009 0
8 533 R 756 0
8 533 R 1194 0
7 534 R 1894 0
7 534 A 1996 6
8 535 A 154 3
8 535 R 1750 0
1 536 A 620 7
1 536 R 538 0
3 537 A 101 18
3 537 R 1685 0
10 538 A 1345 2
10 538 A 732 1
7 539 A 185 1
7 539 R 629 2 7 5
3 540 A 1701 6
3 540 A 882 4
7 541 A 427 55
7 541 A 960 19
1 542 A 876 11
1 542 R 337 0
10 543 A 284 29
10 543 A 948 2
3 544 A 1862 15
3 544 R 1624 1 27
8 545 A 1119 13
8 545 R 326 0
3 546 R 1220 0
3 546 R 265 0
1 547 A 1643 5
1 547 A 1347 44
10 548 A 1337 6
10 548 A 1331 8
7 549 A 495 6
7 549 R 297 0
3 550 R 1217 0
3 550 R 234 0
8 551 R 641 1 9
8 551 A 265 1
10 552 R 665 0
10 552 R 1917 0
7 553 A 641 33
7 553 R 1127 0
10 554 R 1339 0
10 554 R 1499 0
10 555 R 582 0
10 555 R 1553 0
3 556 A 1024 63
3 556 R 273 1 1
1 557 A 925 5
1 557 A 1895 20
1 558 R 145 1 9
1 558 R 1070 0
8 559 R 1230 0
8 559 A 237 5
7 560 A 1910 1
7 560 R 1682 0
3 561 R 876 2 1 11
3 561 A 1385 9
7 562 R 683 0
7 562 A 773 57
1 563 A 1354 16
1 563 R 1962 0
8 564 A 992 27
8 564 A 1866 1
7 565 A 200 12
7 565 A 46 2
1 566 R 597 0
1 566 A 1914 2
1 567 A 670 6
1 567 R 1183 0
8 568 A 1226 13
8 568 R 1050 0
7 569 R 356 0
7 569 A 1727 1
6 570 R 24 0
6 570 A 429 2
3 571 A 1746 2
3 571 R 1307 0
8 572 R 1848 1 5
8 572 R 1528 0
6 573 R 328 0
6 573 R 1571 0
8 574 R 1133 0
8 574 R 383 0
1 575 R 1208 1 18
1 575 R 412 0
3 576 A 797 10
3 576 R 377 0
7 577 A 955 5
7 577 R 1624 1 27
1 578 A 111 13
1 578 R 1518 0
8 579 R 1030 0
8 579 A 730 6
6 580 A 1188 31
6 580 A 598 5
3 581 A 135 1
3 581 R 1702 0
7 582 R 1472 0
7 582 A 681 13
8 583 R 301 1 17
8 583 A 1998 1
3 584 A 730 1
3 584 R 930 0
1 585 R 1565 1 20
1 585 A 1850 48
6 586 A 1110 6
6 586 R 1284 0
7 587 R 1215 0
7 587 A 1590 5
1 588 R 1039 0
1 588 A 1981 39
3 589 R 1604 1 39
3 589 A 407 53
1 590 R 64 0
1 590 R 1943 0
7 591 R 382 1 9
7 591 R 1341 0
9 592 R 785 0
9 592 A 1597 28
6 593 R 338 0
6 593 A 856 88
3 594 A 950 3
3 594 R 833 0
1 595 A 1505 1
1 595 A 1331 2
7 596 R 841 0
7 596 A 1244 10
1 597 R 525 1 8
1 597 R 552 0
9 598 A 160 50
9 598 A 1398 35
3 599 A 1473 21
3 599 R 244 0
7 600 R 1170 0
7 600 R 1319 0
1 601 A 1972 1
1 601 A 1619 13
9 602 R 723 1 3
9 602 R 1804 0
7 603 A 266 15
7 603 R 890 0
9 604 R 337 0
9 604 R 1031 0
1 605 A 704 1
1 605 A 1931 1
3 606 R 991 0
3 606 A 1057 45
1 607 R 1650 0
1 607 R 1014 0
7 608 R 1966 0
7 608 A 812 61
1 609 A 1582 3
1 609 A 779 7
3 610 A 1096 4
3 610 A 1922 30
9 611 A 642 1
9 611 R 920 1 13
7 612 A 61 14
7 612 A 1111 53
3 613 R 205 0
3 613 A 518 2
5 614 R 466 1 63
5 614 A 1144 11
7 615 A 56 1
7 615 A 1667 79
1 616 R 491 1 1
1 616 A 1962 52
1 617 R 95 0
1 617 R 1584 0
3 618 A 178 15
3 618 A 1880 41
7 619 R 1599 0
7 619 A 382 2
1 620 R 1275 1 6
1 620 A 895 33
5 621 A 1867 15
5 621 A 1004 67
3 622 R 1646 0
3 622 A 853 6
1 623 A 705 31
1 623 R 1298 0
3 624 A 459 86
3 624 A 1658 3
7 625 R 465 0
7 625 A 1331 2
5 626 R 555 0
5 626 A 914 13
1 627 A 956 5
1 627 A 564 4
7 628 A 596 2
7 628 A 214 37
3 629 R 520 1 11
3 629 R 732 1 1
5 630 R 296 3 66 1 2
5 630 A 1606 1
1 631 R 999 0
1 631 A 1252 58
1 632 R 64 0
1 632 R 930 0
1 633 R 820 2 10 1
1 633 R 913 0
3 634 A 1322 38
3 634 A 1538 3
7 635 R 1343 0
7 635 R 1202 0
3 636 R 655 0
3 636 R 103 0
5 637 A 981 7
5 637 R 1093 0
3 638 A 941 1
3 638 A 1685 3
1 639 A 1325 47
1 639 R 1900 0
5 640 A 839 3
5 640 A 360 11
7 641 A 562 34
7 641 R 1302 0
5 642 R 888 0
5 642 R 1321 0
7 643 R 1884 0
7 643 R 776 1 9
1 644 A 930 27
1 644 A 452 1
3 645 A 654 10
3 645 R 48 0
7 646 A 425 7
7 646 A 1517 6
3 647 R 833 0
3 647 R 393 0
5 648 R 369 0
5 648 A 759 20
3 649 A 0 6
3 649 A 1699 59
1 650 A 132 1
1 650 A 1270 88
7 651 A 1166 3
7 651 R 1853 0
5 652 A 88 2
5 652 A 30 4
5 653 R 1203 1 6
5 653 R 437 0
7 654 A 1925 21
7 654 R 1328 0
3 655 A 911 1
3 655 A 1524 31
1 656 A 450 8
1 656 A 259 2
3 657 R 1296 0
3 657 A 1279 7
7 658 A 12 1
7 658 R 175 0
5 659 R 1720 0
5 659 A 1883 1
5 660 A 907 31
5 660 R 1260 0
7 661 R 711 0
7 661 A 689 2
3 662 A 1341 4
3 662 R 1495 0
5 663 A 1337 1
5 663 R 1840 0
7 664 R 1973 0
7 664 R 54 0
3 665 R 469 0
3 665 R 717 0
5 666 A 1239 25
5 666 A 1225 56
7 667 A 1220 73
7 667 A 1591 1
2 668 R 990 0
2 668 A 570 14
5 669 R 209 0
5 669 A 387 2
2 670 R 1150 1 47
2 670 R 1679 0
7 671 A 1033 1
7 671 A 1887 1
10 672 R 1436 0
10 672 A 1261 44
5 673 R 1464 0
5 673 A 1453 1
3 674 R 689 1 2
3 674 A 528 2
3 675 R 1260 0
3 675 A 1610 37
10 676 R 1029 1 87
10 676 R 1302 0
5 677 R 1961 0
5 677 A 1819 1
5 678 R 1551 1 13
5 678 R 1917 0
3 679 R 1217 0
3 679 A 1522 2
10 680 R 1951 0
10 680 A 1703 7
5 681 A 1966 44
5 681 A 1672 5
10 682 A 1152 92
10 682 A 1554 14
5 683 A 1752 4
5 683 A 1846 2
3 684 A 55 1
3 684 R 388 0
3 685 R 1986 0
3 685 R 878 0
5 686 R 282 0
5 686 R 1111 1 53
3 687 R 1013 1 3
3 687 R 564 2 1 4
10 688 A 1700 1
10 688 R 1723 0
5 689 A 1847 70
5 689 A 30 42
3 690 A 1258 1
3 690 A 217 35
10 691 A 276 3
10 691 A 2 1
5 692 R 469 0
5 692 A 286 1
3 693 R 696 0
3 693 A 188 52
10 694 A 1738 33
10 694 A 811 1
5 695 A 1352 1
5 695 A 1588 58
3 696 R 1830 0
3 696 A 1241 13
10 697 A 110 41
10 697 A 1255 87
3 698 A 190 3
3 698 R 447 2 2 2
3 699 A 1081 37
3 699 A 1479 39
10 700 A 819 3
10 700 A 442 8
10 701 R 1060 0
10 701 R 1158 0
3 702 R 894 0
3 702 A 164 23
5 703 R 1740 0
5 703 A 678 3
8 704 A 204 4
8 704 R 959 0
5 705 A 1406 7
5 705 R 1377 1 11
6 706 R 1615 1 42
6 706 A 124 9
8 707 A 160 26
8 707 R 3 0
3 708 A 819 8
3 708 A 1704 2
5 709 A 462 53
5 709 A 1080 6
6 710 R 110 1 41
6 710 A 1105 15
6 711 R 1701 1 6
6 711 R 1440 1 1
6 712 R 361 0
6 712 R 608 0
8 713 A 221 40
8 713 R 992 2 1 27
5 714 A 1390 1
5 714 R 1523 1 2
3 715 A 1442 6
3 715 A 1815 16
6 716 R 1304 1 58
6 716 A 1942 50
8 717 A 861 7
8 717 R 501 0
5 718 R 954 1 12
5 718 A 680 1
9 719 R 371 0
9 719 A 493 1
5 720 A 325 5
5 720 R 1276 0
8 721 A 369 67
8 721 R 1215 0
8 722 R 1483 0
8 722 R 1879 0
9 723 R 1390 3 19 46 1
9 723 R 985 0
5 724 A 1209 1
5 724 R 1581 0
9 725 R 713 2 41 9
9 725 R 712 0
8 726 A 50 1
8 726 A 880 25
5 727 A 1476 1
5 727 R 214 1 37
9 728 A 628 2
9 728 R 1587 1 1
9 729 R 1959 0
9 729 A 628 43
5 730 A 3 9
5 730 A 814 56
5 731 R 676 0
5 731 R 1997 0
8 732 A 1821 36
8 732 R 526 1 34
5 733 A 284 40
5 733 R 1631 1 4
8 734 A 1331 3
8 734 A 940 87
8 735 R 1271 1 8
8 735 R 1311 0
9 736 R 1035 0
9 736 A 1255 17
8 737 R 1157 0
8 737 A 1736 35
9 738 A 1105 61
9 738 A 1459 28
5 739 A 1561 86
5 739 A 51 9
8 740 R 1645 0
8 740 A 1778 94
9 741 A 1246 69
9 741 R 750 1 8
5 742 A 967 6
5 742 R 1840 0
8 743 R 380 0
8 743 A 1089 26
9 744 A 480 2
9 744 R 1093 0
5 745 A 1915 5
5 745 A 1703 45
9 746 R 156 0
9 746 R 1043 0
5 747 R 1351 0
5 747 R 36 1 6
1 748 A 1114 1
1 748 A 628 2
8 749 R 1970 0
8 749 A 412 1
9 750 A 88 98
9 750 R 1352 1 1
1 751 R 1479 1 39
1 751 A 27 69
5 752 R 1584 0
5 752 A 242 1
5 753 R 418 1 13
5 753 R 946 1 2
1 754 R 1214 1 82
1 754 A 636 60
8 755 R 765 0
8 755 A 1685 30
9 756 A 104 1
9 756 A 1593 58
5 757 A 80 6
5 757 R 73 0
1 758 A 1600 23
1 758 A 157 3
8 759 A 565 49
8 759 A 1311 28
8 760 R 1391 0
8 760 R 798 2 6 20
9 761 A 156 2
9 761 A 1237 1
8 762 R 414 0
8 762 R 1505 2 4 1
9 763 R 1304 1 58
9 763 R 251 0
1 764 A 1662 1
1 764 A 598 1
5 765 A 1401 10
5 765 A 31 1
8 766 A 1870 32
8 766 R 1554 1 14
1 767 A 1304 6
1 767 R 790 0
1 768 R 34 0
1 768 R 1572 1 1
8 769 A 1289 1
8 769 A 1996 5
2 770 R 173 0
2 770 A 1728 36
2 771 R 1673 0
2 771 R 586 0
9 772 A 37 1
9 772 A 885 5
5 773 R 36 1 6
5 773 A 1942 1
1 774 R 1117 0
1 774 A 1762 1
2 775 A 723 1
2 775 A 1457 2
8 776 A 1951 32
8 776 A 1756 56
7 777 R 547 0
7 777 A 919 13
2 778 R 508 0
2 778 R 1483 0
7 779 R 1291 1 94
7 779 R 599 1 1
5 780 A 1098 38
5 780 R 1692 0
9 781 R 562 1 34
9 781 A 528 7
1 782 R 1165 0
1 782 A 1205 4
2 783 A 158 3
2 783 R 397 1 2
5 784 R 1638 0
5 784 R 266 2 7 15
1 785 A 290 4
1 785 R 981 1 7
2 786 R 904 0
2 786 A 1004 3
7 787 R 1579 0
7 787 A 773 6
9 788 A 1326 61
9 788 R 335 0
5 789 A 776 3
5 789 A 412 9
1 790 A 762 17
1 790 A 1602 5
2 791 R 584 0
2 791 R 1498 0
9 792 R 1874 0
9 792 A 623 6
7 793 A 137 24
7 793 R 1468 1 89
1 794 R 357 0
1 794 R 1858 0
9 795 R 229 0
9 795 R 506 0
5 796 R 853 2 22 6
5 796 A 1616 62
9 797 R 1416 0
9 797 R 1396 0
2 798 R 929 1 1
2 798 R 843 0
1 799 R 334 0
1 799 R 1719 0
5 800 R 75 0
5 800 R 698 0
9 801 R 1616 1 62
9 801 R 1377 1 11
5 802 R 28 1 100
5 802 R 187 1 3
1 803 R 617 0
1 803 R 769 3 2 13 20
9 804 R 1972 1 1
9 804 R 1976 0
7 805 R 1638 0
7 805 A 1776 5
5 806 A 1226 36
5 806 A 404 4
2 807 A 656 6
2 807 A 174 4
9 808 R 1765 1 4
9 808 A 1684 9
7 809 R 970 0
7 809 R 1304 2 58 6
1 810 R 905 0
1 810 A 340 2
9 811 A 785 3
9 811 R 918 1 4
2 812 R 1900 0
2 812 R 57 0
7 813 R 1768 0
7 813 A 929 1
2 814 A 700 3
2 814 R 957 2 1 9
1 815 A 1300 1
1 815 R 920 1 13
7 816 R 1204 1 2
7 816 A 1154 1
5 817 R 770 0
5 817 A 1609 46
2 818 R 605 0
2 818 A 1357 5
7 819 A 1241 23
7 819 R 1560 0
2 820 A 266 18
2 820 R 155 0
7 821 A 102 2
7 821 A 284 6
5 822 A 1979 2
5 822 A 1118 2
1 823 A 1488 36
1 823 A 656 28
2 824 R 1223 0
2 824 A 840 3
10 825 R 1600 2 8 23
10 825 A 1213 36
10 826 R 1340 0
10 826 R 241 0
1 827 R 9 0
1 827 R 144 0
7 828 R 1296 0
7 828 A 136 84
2 829 A 1770 2
2 829 R 1437 1 3
1 830 R 1441 0
1 830 A 232 14
5 831 A 986 18
5 831 R 1325 2 1 47
10 832 R 1024 1 63
10 832 A 424 3
1 833 R 1243 0
1 833 R 510 0
7 834 A 1595 6
7 834 R 1361 0
2 835 A 1734 55
2 835 R 735 0
3 836 A 942 77
3 836 A 319 3
3 837 R 950 1 3
3 837 R 1886 0
5 838 A 1651 1
5 838 R 1226 2 13 36
10 839 A 1189 4
10 839 A 465 2
3 840 R 1444 0
3 840 R 1499 0
7 841 R 1150 1 47
7 841 A 1650 7
1 842 A 105 4
1 842 R 1908 0
2 843 A 1080 10
2 843 R 1752 1 4
10 844 R 438 0
10 844 A 736 73
7 845 R 28 1 100
7 845 A 1596 58
1 846 R 117 1 3
1 846 A 168 4
2 847 R 681 1 13
2 847 A 1487 73
2 848 R 87 1 1
2 848 R 1901 0
5 849 R 80 1 6
5 849 R 1444 0
3 850 R 819 2 3 8
3 850 A 1831 6
10 851 A 1540 16
10 851 A 775 2
1 852 A 730 85
1 852 R 235 0
7 853 A 1075 25
7 853 A 1155 66
3 854 R 1248 0
3 854 A 367 6
2 855 A 478 47
2 855 A 359 6
1 856 R 1033 1 1
1 856 R 320 0
3 857 R 1555 0
3 857 R 733 0
3 858 R 701 0
3 858 R 77 0
10 859 A 531 16
10 859 A 1482 2
1 860 A 1492 36
1 860 R 820 2 10 1
5 861 A 1231 14
5 861 R 649 0
7 862 R 1592 0
7 862 A 1374 51
7 863 R 1802 0
7 863 R 733 0
5 864 R 534 0
5 864 R 383 0
1 865 R 660 0
1 865 R 952 0
5 866 R 1966 1 44
5 866 R 896 1 9
10 867 A 1694 1
10 867 R 144 0
10 868 R 1540 1 16
10 868 R 1548 0
1 869 R 1718 0
1 869 A 1960 2
7 870 A 45 4
7 870 A 650 13
10 871 R 1299 0
10 871 R 347 1 2
1 872 R 838 1 1
1 872 R 191 0
5 873 R 298 0
5 873 A 359 1
10 874 R 49 0
10 874 R 415 0
7 875 A 1 1
7 875 R 971 0
5 876 R 1797 0
5 876 R 278 0
10 877 R 1089 1 26
10 877 R 1091 0
5 878 R 1067 0
5 878 R 1915 1 5
1 879 A 644 71
1 879 A 1293 2
10 880 A 766 11
10 880 R 1949 1 2
7 881 A 1564 24
7 881 R 342 0
10 882 R 568 0
10 882 R 1436 0
7 883 R 712 0
7 883 R 1650 1 7
7 884 R 1120 0
7 884 R 1994 0
5 885 R 1497 1 1
5 885 R 1905 0
1 886 R 1841 0
1 886 A 688 3
1 887 R 1017 1 28
1 887 R 620 2 4 7
5 888 A 478 3
5 888 R 851 0
10 889 A 733 4
10 889 A 280 8
7 890 A 1660 2
7 890 R 1119 1 13
1 891 R 1565 1 20
1 891 A 257 5
7 892 R 278 0
7 892 R 141 0
7 893 R 73 0
7 893 R 1176 0
10 894 R 22 0
10 894 R 1649 0
5 895 A 510 5
5 895 A 1907 6
7 896 R 1172 0
7 896 A 168 16
1 897 A 108 3
1 897 R 740 0
10 898 A 1783 1
10 898 R 1124 0
5 899 A 1697 1
5 899 R 83 1 35
7 900 A 177 31
7 900 A 46 18
10 901 A 409 27
10 901 A 715 1
1 902 R 1966 1 44
1 902 A 1835 59
5 903 R 326 0
5 903 R 1757 0
1 904 A 156 8
1 904 A 1121 5
10 905 A 1599 48
10 905 A 82 3
7 906 A 776 1
7 906 A 750 3
5 907 A 1890 6
5 907 A 1681 1
7 908 R 1007 0
7 908 R 898 0
1 909 A 364 3
1 909 A 1001 76
5 910 R 1292 3 34 86 26
5 910 A 65 1
1 911 R 1693 0
1 911 R 847 0
5 912 R 1234 1 1
5 912 R 1152 1 92
10 913 R 150 1 81
10 913 R 1409 1 44
7 914 R 1784 1 13
7 914 A 1276 13
5 915 A 578 9
5 915 A 571 14
1 916 A 13 69
1 916 R 1330 0
7 917 A 1540 1
7 917 A 1797 77
10 918 A 1005 10
10 918 A 235 9
5 919 A 674 44
5 919 A 852 9
10 920 R 1950 0
10 920 A 331 1
5 921 R 336 0
5 921 R 1246 1 69
10 922 A 1142 19
10 922 A 901 7
1 923 A 1148 1
1 923 A 1184 3
7 924 A 1656 6
7 924 A 1853 6
5 925 A 1437 37
5 925 R 309 0
10 926 A 1495 15
10 926 A 1475 1
1 927 R 1149 0
1 927 R 739 0
8 928 A 1298 2
8 928 R 1936 0
7 929 A 427 8
7 929 R 1867 1 15
10 930 R 1385 1 9
10 930 A 1900 1
1 931 R 311 0
1 931 A 659 2
10 932 A 884 1
10 932 A 1435 32
1 933 A 1834 16
1 933 A 422 1
1 934 R 931 0
1 934 R 998 0
7 935 A 1100 1
7 935 A 1529 1
1 936 R 1660 1 2
1 936 R 1632 0
10 937 R 1219 1 8
10 937 A 1537 40
7 938 R 57 0
7 938 A 60 4
10 939 R 681 1 13
10 939 A 549 14
1 940 A 959 6
1 940 R 834 1 1
1 941 A 1213 4
1 941 R 1775 0
10 942 A 1810 2
10 942 R 1468 1 89
7 943 R 3 1 9
7 943 A 1067 1
9 944 R 570 1 14
9 944 A 1567 3
10 945 A 1639 2
10 945 A 480 24
1 946 A 676 20
1 946 A 1149 11
10 947 A 1181 23
10 947 A 739 7
7 948 R 1644 0
7 948 R 285 0
10 949 R 1550 0
10 949 A 1197 2
1 950 A 558 2
1 950 A 568 15
7 951 A 705 2
7 951 R 1885 1 12
10 952 A 337 43
10 952 R 1162 0
1 953 R 235 1 9
1 953 A 315 2
9 954 A 80 28
9 954 A 274 1
10 955 R 1703 2 7 45
10 955 R 458 0
7 956 R 587 0
7 956 R 1401 2 1 10
9 957 R 509 0
9 957 A 764 1
1 958 A 1763 5
1 958 A 1811 21
6 959 R 1421 0
6 959 A 1156 5
10 960 R 1663 1 2
10 960 A 151 72
7 961 R 1670 0
7 961 A 1099 12
7 962 R 539 0
7 962 R 768 0
10 963 A 1443 74
10 963 A 1900 1
9 964 A 944 79
9 964 R 1898 0
1 965 A 328 4
1 965 R 1095 0
6 966 A 690 1
6 966 R 443 0
7 967 R 979 0
7 967 R 434 0
9 968 A 1638 26
9 968 A 91 1
1 969 A 1530 10
1 969 R 491 1 1
10 970 R 178 1 15
10 970 R 1088 0
6 971 R 67 0
6 971 R 804 2 9 3
10 972 R 1686 0
10 972 R 1978 1 27
1 973 R 503 0
1 973 R 1066 1 87
7 974 R 1899 0
7 974 A 598 95
10 975 A 648 7
10 975 R 460 0
2 976 A 101 1
2 976 A 701 10
9 977 R 748 0
9 977 A 121 61
6 978 R 1900 2 1 1
6 978 A 374 11
7 979 R 284 3 29 40 6
7 979 R 1969 0
6 980 A 1884 20
6 980 R 704 1 1
10 981 A 1585 1
10 981 A 1171 5
2 982 A 547 43
2 982 A 746 2
7 983 A 942 11
7 983 A 1579 2
6 984 A 1423 9
6 984 A 918 25
10 985 A 475 2
10 985 A 932 1
2 986 R 538 0
2 986 A 808 5
9 987 A 875 45
9 987 A 173 32
7 988 A 1880 2
7 988 A 1119 16
9 989 A 1663 1
9 989 R 1346 0
7 990 R 111 1 13
7 990 R 661 0
10 991 A 1543 58
10 991 R 155 0
9 992 A 916 58
9 992 A 101 8
2 993 A 696 1
2 993 A 1232 7
7 994 A 641 27
7 994 A 139 23
10 995 A 513 8
10 995 A 860 17
2 996 R 1935 0
2 996 R 1416 0
6 997 R 1292 3 34 86 26
6 997 A 909 3
2 998 R 880 2 1 25
2 998 R 605 0
10 999 A 360 42
10 999 A 1564 9
7 1000 A 1693 23
7 1000 A 1156 14
6 1001 A 1313 7
6 1001 A 1458 3
9 1002 R 1191 0
9 1002 A 1376 1
2 1003 R 200 2 71 12
2 1003 R 1078 1 7
6 1004 A 1540 1
6 1004 A 1154 10
7 1005 A 1426 5
7 1005 R 45 2 16 4
9 1006 A 1610 41
9 1006 R 376 0
10 1007 A 988 11
10 1007 R 436 0
2 1008 R 906 0
2 1008 R 1752 1 4
9 1009 R 1489 0
9 1009 R 1141 1 4
10 1010 R 1777 0
10 1010 A 231 3
9 1011 R 1613 1 3
9 1011 A 1917 4
7 1012 A 1510 9
7 1012 A 1186 4
2 1013 A 1812 44
2 1013 A 407 1
6 1014 R 1039 0
6 1014 A 1555 64
10 1015 R 955 2 2 5
10 1015 A 687 1
6 1016 A 756 11
6 1016 A 459 4
2 1017 R 19 1 3
2 1017 A 1203 92
9 1018 A 94 9
9 1018 A 1332 3
9 1019 R 1618 0
9 1019 R 1332 1 3
10 1020 A 1749 3
10 1020 R 1521 0
2 1021 A 1664 17
2 1021 R 1255 4 2 17 87 17
6 1022 A 1142 3
6 1022 R 206 1 32
2 1023 R 492 0
2 1023 R 1131 0
2 1024 R 1957 0
2 1024 R 217 1 35
9 1025 A 379 2
9 1025 A 940 1
2 1026 A 1695 3
2 1026 R 386 0
6 1027 R 1322 2 60 38
6 1027 A 172 36
10 1028 A 1873 33
10 1028 R 438 0
2 1029 R 689 1 2
2 1029 R 1630 0
6 1030 A 554 1
6 1030 A 1339 9
2 1031 A 705 57
2 1031 A 1143 2
9 1032 R 201 0
9 1032 A 1753 10
6 1033 A 823 1
6 1033 A 1947 45
10 1034 A 359 1
10 1034 A 638 14
6 1035 R 1236 1 47
6 1035 R 570 1 14
2 1036 R 370 0
2 1036 A 1857 21
9 1037 A 782 9
9 1037 R 745 0
6 1038 R 1672 1 5
6 1038 A 1032 1
9 1039 A 873 80
9 1039 R 1479 1 39
5 1040 A 1557 75
5 1040 R 1633 0
5 1041 R 90 0
5 1041 R 378 0
10 1042 A 1638 14
10 1042 A 1209 87
6 1043 A 1547 1
6 1043 R 4 0
9 1044 A 716 1
9 1044 R 1926 0
8 1045 R 559 1 1
8 1045 A 1635 4
5 1046 R 1911 0
5 1046 A 770 3
8 1047 A 1877 1
8 1047 R 1805 0
9 1048 R 672 0
9 1048 R 28 1 100
6 1049 A 313 5
6 1049 A 1597 6
5 1050 A 1712 34
5 1050 A 1312 2
10 1051 A 1718 1
10 1051 R 910 0
8 1052 R 249 0
8 1052 A 1666 1
9 1053 A 1254 8
9 1053 R 1592 0
6 1054 A 18 20
6 1054 R 474 0
6 1055 R 578 1 9
6 1055 R 493 1 1
5 1056 R 1050 0
5 1056 A 807 1
8 1057 A 1033 9
8 1057 A 18 16
9 1058 A 1247 76
9 1058 R 255 1 3
10 1059 A 1501 100
10 1059 R 404 1 4
6 1060 A 176 18
6 1060 A 1026 81
5 1061 R 1739 1 2
5 1061 A 1731 45
6 1062 R 1886 0
6 1062 R 1077 0
8 1063 A 1021 1
8 1063 R 1531 2 21 28
10 1064 A 1028 1
10 1064 R 262 0
5 1065 A 627 28
5 1065 A 1726 3
6 1066 A 1314 3
6 1066 R 411 0
8 1067 A 5 20
8 1067 A 1692 3
6 1068 A 1877 21
6 1068 R 704 1 1
5 1069 A 1590 2
5 1069 A 541 1
10 1070 A 1391 4
10 1070 A 1168 2
8 1071 R 1302 0
8 1071 R 272 1 1
10 1072 A 653 35
10 1072 A 1198 30
5 1073 R 407 2 53 1
5 1073 A 1115 6
6 1074 A 141 4
6 1074 R 786 1 100
6 1075 R 1097 0
6 1075 R 146 0
5 1076 A 9 84
5 1076 A 765 70
6 1077 A 619 2
6 1077 R 1408 0
10 1078 R 1076 0
10 1078 A 1008 1
6 1079 R 1634 0
6 1079 R 418 1 13
5 1080 R 1094 1 28
5 1080 A 1773 5
6 1081 A 42 3
6 1081 A 272 18
10 1082 A 96 84
10 1082 A 707 60
6 1083 R 1636 0
6 1083 A 288 1
5 1084 R 1966 1 44
5 1084 A 1264 48
10 1085 A 583 71
10 1085 A 981 50
5 1086 R 1984 0
5 1086 R 1141 1 4
3 1087 A 227 3
3 1087 R 1158 0
1 1088 A 16 1
1 1088 R 1716 0
3 1089 R 1227 0
3 1089 R 1469 1 3
6 1090 A 457 36
6 1090 A 1202 10
1 1091 A 159 7
1 1091 A 1274 1
5 1092 A 581 1
5 1092 R 1646 0
5 1093 R 960 2 13 19
5 1093 R 813 0
3 1094 R 186 0
3 1094 A 278 66
5 1095 R 1835 1 59
5 1095 R 1851 0
6 1096 R 204 1 4
6 1096 R 1070 0
1 1097 A 126 8
1 1097 A 1891 18
5 1098 R 1392 1 62
5 1098 R 1127 0
3 1099 R 74 3 1 50 89
3 1099 A 1595 52
1 1100 R 1525 0
1 1100 R 1702 0
3 1101 R 1253 0
3 1101 R 1306 0
5 1102 R 438 0
5 1102 A 522 11
6 1103 R 341 0
6 1103 A 1922 37
6 1104 R 413 0
6 1104 A 600 4
3 1105 R 897 1 22
3 1105 R 1923 0
1 1106 R 1220 1 73
1 1106 R 653 1 35
5 1107 A 411 1
5 1107 A 1244 21
3 1108 A 536 3
3 1108 R 12 1 1
6 1109 A 1439 11
6 1109 A 1549 13
6 1110 R 496 0
6 1110 R 374 1 11
1 1111 R 1099 1 12
1 1111 R 326 0
3 1112 A 173 8
3 1112 A 1269 1
5 1113 R 1117 0
5 1113 A 970 19
1 1114 R 542 0
1 1114 A 1290 2
5 1115 R 1389 0
5 1115 R 1683 0
3 1116 R 1586 0
3 1116 A 1113 33
1 1117 R 375 0
1 1117 A 1374 2
3 1118 R 792 0
3 1118 A 61 4
1 1119 R 981 2 7 50
1 1119 A 1148 1
5 1120 R 81 0
5 1120 A 1843 3
3 1121 R 263 0
3 1121 R 53 0
1 1122 R 1683 0
1 1122 R 211 0
3 1123 R 696 1 1
3 1123 R 1496 0
3 1124 A 669 14
3 1124 R 1590 3 1 5 2
7 1125 R 1910 1 1
7 1125 A 73 4
3 1126 R 1251 0
3 1126 R 1354 1 16
1 1127 A 1725 9
1 1127 A 1218 66
5 1128 A 9 97
5 1128 A 1064 40
1 1129 R 462 1 53
1 1129 R 1744 1 18
3 1130 A 379 16
3 1130 R 1188 1 31
7 1131 A 111 30
7 1131 A 840 46
5 1132 R 1376 2 1 1
5 1132 R 489 0
1 1133 R 1559 0
1 1133 A 1571 1
3 1134 R 1887 1 1
3 1134 R 1762 2 1 1
5 1135 R 771 0
5 1135 R 1884 1 20
7 1136 R 1134 0
7 1136 R 1930 1 15
3 1137 R 1023 0
3 1137 R 278 1 66
5 1138 A 909 5
5 1138 R 1861 0
7 1139 A 1954 1
7 1139 R 1902 0
7 1140 R 1825 0
7 1140 R 1225 2 10 56
7 1141 A 1467 1
7 1141 R 1305 1 2
5 1142 A 70 26
5 1142 R 715 1 1
7 1143 A 1611 75
7 1143 R 1593 1 58
3 1144 A 514 1
3 1144 R 1987 0
7 1145 R 1837 1 18
7 1145 R 1194 0
5 1146 R 574 1 12
5 1146 A 1247 39
3 1147 R 491 1 1
3 1147 A 1365 13
5 1148 A 438 5
5 1148 A 1922 1
5 1149 A 513 1
5 1149 A 1879 69
7 1150 R 1159 0
7 1150 R 1660 1 2
3 1151 A 804 2
3 1151 A 1785 93
5 1152 R 1467 1 1
5 1152 A 1247 12
7 1153 R 589 0
7 1153 A 853 23
9 1154 A 23 1
9 1154 R 54 0
3 1155 R 1890 1 6
3 1155 A 1408 3
3 1156 A 1930 22
3 1156 A 846 2
9 1157 A 740 1
9 1157 R 601 0
5 1158 R 392 0
5 1158 A 1003 12
7 1159 R 1815 2 27 16
7 1159 A 1571 4
3 1160 R 304 0
3 1160 A 1981 19
9 1161 R 1988 0
9 1161 R 211 0
7 1162 A 52 4
7 1162 R 295 0
5 1163 R 290 1 4
5 1163 A 612 8
9 1164 A 1536 88
9 1164 R 1404 1 14
5 1165 R 950 1 3
5 1165 R 525 1 8
8 1166 R 221 1 40
8 1166 A 1450 1
3 1167 A 596 30
3 1167 A 1548 1
5 1168 A 822 55
5 1168 A 42 93
7 1169 A 951 76
7 1169 A 1201 24
5 1170 A 600 3
5 1170 A 1366 40
8 1171 A 660 2
8 1171 R 494 0
7 1172 R 179 0
7 1172 R 1007 0
7 1173 R 1558 1 9
7 1173 R 1348 0
9 1174 A 892 2
9 1174 R 55 1 1
5 1175 R 1400 1 2
5 1175 A 894 29
9 1176 A 1507 5
9 1176 R 1857 1 21
7 1177 A 1962 88
7 1177 A 838 10
8 1178 R 569 0
8 1178 R 217 1 35
9 1179 A 1342 81
9 1179 R 1685 2 3 30
5 1180 R 1512 1 100
5 1180 A 624 90
7 1181 A 724 82
7 1181 A 1563 55
8 1182 R 1995 0
8 1182 A 1279 1
7 1183 A 832 14
7 1183 A 491 20
8 1184 R 950 1 3
8 1184 A 52 80
5 1185 A 1976 39
5 1185 R 1865 0
8 1186 A 721 3
8 1186 A 1546 2
7 1187 A 1110 4
7 1187 A 710 2
8 1188 A 1707 1
8 1188 A 64 4
7 1189 R 1966 1 44
7 1189 A 509 6
5 1190 A 1993 76
5 1190 A 840 44
9 1191 A 1299 9
9 1191 R 1273 0
8 1192 R 1890 1 6
8 1192 R 799 0
5 1193 A 1235 5
5 1193 R 231 2 32 3
6 1194 R 1006 3 1 37 8
6 1194 A 1039 6
6 1195 R 1784 1 13
6 1195 R 1674 0
9 1196 R 997 1 83
9 1196 A 1759 12
7 1197 R 861 1 7
7 1197 R 75 0
8 1198 A 293 1
8 1198 A 1617 6
5 1199 A 1945 2
5 1199 A 629 2
9 1200 R 1151 0
9 1200 A 92 6
8 1201 R 749 0
8 1201 R 722 0
7 1202 A 538 2
7 1202 R 727 0
9 1203 R 1328 0
9 1203 R 1104 0
6 1204 A 1142 7
6 1204 R 899 0
8 1205 A 94 35
8 1205 R 202 0
6 1206 R 158 1 3
6 1206 R 900 1 3
7 1207 A 1258 2
7 1207 A 622 1
5 1208 R 886 1 8
5 1208 A 1910 5
8 1209 R 40 2 14 2
8 1209 R 1842 0
7 1210 R 1489 0
7 1210 R 935 0
9 1211 R 29 1 1
9 1211 A 1628 9
5 1212 R 623 1 6
5 1212 A 1627 1
9 1213 R 113 0
9 1213 A 1938 14
8 1214 A 288 1
8 1214 R 24 0
6 1215 R 852 1 9
6 1215 R 306 0
7 1216 R 752 0
7 1216 A 958 1
9 1217 R 1515 0
9 1217 R 475 1 2
6 1218 R 1088 0
6 1218 A 18 3
8 1219 R 1890 1 6
8 1219 A 97 4
5 1220 A 1234 1
5 1220 R 1883 1 1
6 1221 A 1437 32
6 1221 A 924 73
8 1222 A 206 65
8 1222 R 855 1 34
2 1223 R 723 2 3 1
2 1223 A 1048 6
5 1224 R 608 0
5 1224 A 893 9
2 1225 R 829 1 2
2 1225 A 1897 55
9 1226 A 43 34
9 1226 A 494 77
8 1227 R 1222 2 10 1
8 1227 A 584 12
8 1228 R 1793 0
8 1228 R 3 1 9
6 1229 A 825 3
6 1229 A 687 9
6 1230 R 927 0
6 1230 R 837 0
9 1231 R 169 0
9 1231 R 1822 0
2 1232 A 140 3
2 1232 A 685 50
6 1233 A 1360 72
6 1233 R 1577 0
9 1234 A 1285 2
9 1234 A 1352 1
2 1235 A 937 72
2 1235 R 911 1 1
6 1236 R 1558 1 9
6 1236 R 652 1 61
2 1237 R 691 0
2 1237 R 907 1 31
9 1238 R 627 2 7 28
9 1238 A 1854 57
2 1239 R 9 2 84 97
2 1239 A 1410 37
8 1240 R 1652 0
8 1240 R 621 0
2 1241 R 1557 1 75
2 1241 A 1788 7
6 1242 A 1387 11
6 1242 A 666 1
8 1243 A 1357 65
8 1243 A 382 2
5 1244 A 1913 15
5 1244 A 1897 13
9 1245 A 595 2
9 1245 A 817 5
8 1246 R 743 0
8 1246 R 1098 2 21 38
5 1247 R 1274 2 3 1
5 1247 A 1455 1
9 1248 R 822 1 55
9 1248 R 1562 0
5 1249 A 1134 42
5 1249 A 677 1
2 1250 R 415 0
2 1250 A 1979 1
6 1251 A 1139 84
6 1251 A 1572 69
8 1252 R 162 1 2
8 1252 A 343 3
2 1253 A 1062 2
2 1253 A 1833 28
8 1254 A 1688 93
8 1254 A 0 3
6 1255 A 1120 16
6 1255 R 225 0
2 1256 R 1780 0
2 1256 R 1164 1 3
8 1257 R 626 0
8 1257 R 1129 0
9 1258 A 767 98
9 1258 A 295 1
9 1259 R 1199 0
9 1259 R 1305 1 2
3 1260 A 1285 3
3 1260 A 93 54
6 1261 R 1349 0
6 1261 A 1560 3
2 1262 R 1988 0
2 1262 A 1692 1
3 1263 A 1642 3
3 1263 R 435 0
2 1264 R 1469 1 3
2 1264 R 581 1 1
8 1265 A 558 3
8 1265 R 1658 2 4 3
9 1266 A 112 2
9 1266 R 1414 0
8 1267 A 899 2
8 1267 R 1261 1 44
3 1268 A 349 11
3 1268 A 1336 2
5 1269 R 704 1 1
5 1269 A 208 1
6 1270 R 1273 0
6 1270 A 948 22
3 1271 R 712 0
3 1271 A 1916 10
8 1272 A 181 3
8 1272 R 1186 1 4
9 1273 R 479 0
9 1273 R 796 0
6 1274 A 248 4
6 1274 R 1300 2 60 1
3 1275 A 1197 25
3 1275 R 1279 2 7 1
6 1276 A 1505 3
6 1276 R 1845 1 4
6 1277 R 1747 1 2
6 1277 R 1075 1 25
5 1278 A 350 50
5 1278 R 1389 0
8 1279 A 1388 2
8 1279 R 1280 0
2 1280 A 693 12
2 1280 A 648 2
9 1281 R 1065 0
9 1281 A 1734 25
9 1282 R 321 1 12
9 1282 R 743 0
8 1283 A 471 32
8 1283 R 959 1 6
9 1284 A 1142 1
9 1284 R 972 1 10
6 1285 R 743 0
6 1285 A 1250 11
9 1286 R 1456 0
9 1286 A 1430 3
8 1287 R 1684 1 9
8 1287 R 836 1 3
3 1288 A 1278 70
3 1288 R 46 2 2 18
2 1289 A 1653 13
2 1289 R 1117 0
3 1290 R 1177 1 55
3 1290 R 59 0
6 1291 R 1211 0
6 1291 A 180 4
2 1292 A 407 30
2 1292 A 978 1
2 1293 R 9 2 84 97
2 1293 R 1912 0
6 1294 R 1854 1 57
6 1294 A 500 9
9 1295 A 56 1
9 1295 A 1005 11
3 1296 A 1597 38
3 1296 R 981 2 7 50
2 1297 R 954 1 12
2 1297 A 1637 2
9 1298 A 990 4
9 1298 A 1450 14
2 1299 A 1883 6
2 1299 A 1952 1
6 1300 A 831 5
6 1300 R 345 1 1
6 1301 R 691 0
6 1301 A 505 1
3 1302 R 34 0
3 1302 A 1899 3
6 1303 A 149 1
6 1303 A 429 4
3 1304 R 304 0
3 1304 R 153 0
9 1305 R 1245 1 10
9 1305 R 662 0
2 1306 R 1984 0
2 1306 R 1702 0
6 1307 A 1298 1
6 1307 A 1460 1
9 1308 A 272 1
9 1308 A 950 12
2 1309 A 1442 91
2 1309 R 580 0
3 1310 A 576 84
3 1310 A 1851 25
2 1311 A 1901 1
2 1311 R 1781 1 9
9 1312 R 142 0
9 1312 R 1349 0
9 1313 A 1797 1
9 1313 A 1184 12
3 1314 R 524 0
3 1314 A 1763 1
3 1315 A 1302 2
3 1315 R 452 1 1
2 1316 A 1272 1
2 1316 R 1479 1 39
6 1317 A 1651 9
6 1317 A 697 3
3 1318 R 1988 0
3 1318 R 762 1 17
6 1319 R 354 0
6 1319 R 154 1 3
3 1320 A 1994 1
3 1320 R 71 1 15
2 1321 R 1934 0
2 1321 R 956 1 5
9 1322 R 575 0
9 1322 A 12 10
3 1323 R 718 0
3 1323 A 1086 8
6 1324 A 1099 4
6 1324 R 35 1 71
3 1325 A 1937 30
3 1325 R 1314 1 3
9 1326 R 1046 0
9 1326 R 52 2 4 80
3 1327 R 525 1 8
3 1327 A 1937 3
2 1328 R 1326 2 6 61
2 1328 A 812 21
6 1329 R 464 0
6 1329 R 137 1 24
9 1330 R 564 2 1 4
9 1330 R 1673 0
6 1331 A 757 11
6 1331 A 1879 36
3 1332 A 1991 16
3 1332 R 1321 0
9 1333 A 1504 5
9 1333 A 958 7
6 1334 A 1210 1
6 1334 A 1778 5
9 1335 R 317 1 29
9 1335 R 1937 2 30 3
3 1336 A 1 69
3 1336 R 1280 0
6 1337 R 136 1 84
6 1337 R 937 1 72
9 1338 R 1492 1 36
9 1338 A 984 37
2 1339 R 1159 0
2 1339 A 645 15
9 1340 R 728 0
9 1340 R 411 1 1
9 1341 R 401 0
9 1341 A 761 57
3 1342 R 279 0
3 1342 R 511 0
2 1343 A 1407 1
2 1343 R 1692 2 3 1
3 1344 A 919 26
3 1344 A 534 1
3 1345 A 1053 17
3 1345 R 1785 2 15 93
2 1346 R 999 0
2 1346 A 1768 18
6 1347 A 1775 27
6 1347 A 247 1
3 1348 R 660 1 2
3 1348 A 1417 8
9 1349 A 1070 44
9 1349 R 462 1 53
6 1350 R 914 2 13 13
6 1350 A 1681 97
9 1351 R 426 0
9 1351 A 1228 11
2 1352 R 562 1 34
2 1352 A 621 4
9 1353 A 199 1
9 1353 R 449 0
2 1354 R 626 0
2 1354 R 452 1 1
9 1355 A 1545 34
9 1355 R 487 0
9 1356 A 1498 1
9 1356 A 606 38
9 1357 A 1430 19
9 1357 R 126 1 8
2 1358 R 1850 1 48
2 1358 R 445 0
3 1359 A 1518 43
3 1359 R 774 0
3 1360 A 1685 18
3 1360 A 42 1
3 1361 R 1257 0
3 1361 R 1854 1 57
2 1362 A 1252 2
2 1362 R 903 0
9 1363 R 1470 0
9 1363 A 285 11
3 1364 R 1403 0
3 1364 R 623 1 6
2 1365 A 1004 1
2 1365 R 280 2 20 8
9 1366 R 404 1 4
9 1366 A 704 65
6 1367 A 1374 6
6 1367 R 1740 0
3 1368 A 1759 7
3 1368 R 1708 0
3 1369 R 1002 0
3 1369 A 1876 8
2 1370 R 1609 1 46
2 1370 A 1763 4
9 1371 A 404 64
9 1371 R 1687 0
2 1372 A 1929 1
2 1372 A 1483 17
2 1373 A 772 97
2 1373 A 37 3
2 1374 R 1211 0
2 1374 R 1421 0
3 1375 A 848 10
3 1375 R 28 1 100
2 1376 A 596 2
2 1376 R 284 3 29 40 6
9 1377 R 1016 0
9 1377 R 101 3 18 1 8
3 1378 A 1328 13
3 1378 A 719 2
2 1379 R 1203 2 6 92
2 1379 A 424 1
2 1380 A 88 2
2 1380 R 404 2 4 64
9 1381 R 1151 0
9 1381 A 843 5
9 1382 A 1815 1
9 1382 A 1056 1
3 1383 R 1522 1 2
3 1383 A 154 8
9 1384 R 1609 1 46
9 1384 R 1604 1 39
9 1385 R 958 2 1 7
9 1385 R 327 0
2 1386 R 687 2 1 9
2 1386 A 1923 60
3 1387 A 707 1
3 1387 R 1988 0
2 1388 R 529 1 8
2 1388 A 673 1
3 1389 R 119 1 25
3 1389 R 1363 0
2 1390 R 1717 1 9
2 1390 R 1699 1 59
2 1391 R 1927 0
2 1391 A 199 66
3 1392 A 1875 7
3 1392 R 989 0
3 1393 R 952 0
3 1393 R 155 0
2 1394 R 1016 0
2 1394 R 608 0
9 1395 R 985 0
9 1395 R 28 1 100
2 1396 R 489 0
2 1396 A 1579 81
9 1397 A 746 2
9 1397 A 63 17
2 1398 R 821 0
2 1398 A 85 6
3 1399 A 633 27
3 1399 A 783 1
9 1400 A 648 2
9 1400 R 1465 0
2 1401 R 1259 1 9
2 1401 R 615 0
9 1402 A 1967 3
9 1402 A 1412 6
3 1403 A 566 11
3 1403 R 1358 0
2 1404 A 1958 2
2 1404 R 884 1 1
3 1405 A 1954 20
3 1405 A 61 1
2 1406 R 646 1 1
2 1406 A 1291 94
3 1407 R 525 1 8
3 1407 R 824 1 4
9 1408 A 858 2
9 1408 A 1476 1
2 1409 A 647 2
2 1409 A 731 11
3 1410 R 1155 1 66
3 1410 A 669 65
9 1411 A 1037 6
9 1411 A 1211 53
9 1412 R 1886 0
9 1412 A 605 48
3 1413 A 1207 15
3 1413 R 261 0
2 1414 R 47 0
2 1414 A 1966 2
2 1415 A 946 2
2 1415 A 1583 44
9 1416 A 1835 4
9 1416 A 830 4
2 1417 R 129 0
2 1417 R 395 0
3 1418 R 349 1 11
3 1418 A 389 10
3 1419 A 179 87
3 1419 A 92 20
9 1420 R 87 1 1
9 1420 R 1001 1 76
3 1421 R 1491 0
3 1421 A 797 1
2 1422 A 731 89
2 1422 R 897 1 22
9 1423 R 290 1 4
9 1423 R 948 2 2 22
3 1424 A 552 4
3 1424 R 1824 0
9 1425 A 1366 23
9 1425 A 632 2
3 1426 A 515 7
3 1426 A 1650 15
2 1427 R 606 1 38
2 1427 R 778 0
2 1428 R 981 2 7 50
2 1428 A 1470 5
3 1429 R 1870 1 32
3 1429 A 1056 2
2 1430 R 357 0
2 1430 A 729 70
3 1431 A 377 1
3 1431 A 767 16
2 1432 R 607 0
2 1432 A 1274 2
9 1433 R 309 0
9 1433 A 421 4
2 1434 A 959 7
2 1434 R 1143 1 2
9 1435 A 1193 1
9 1435 R 1830 0
3 1436 A 212 4
3 1436 A 269 13
2 1437 A 1414 18
2 1437 R 1855 1 4
9 1438 A 1127 2
9 1438 A 1550 89
2 1439 R 355 0
2 1439 R 1005 2 10 11
9 1440 R 1300 2 60 1
9 1440 A 1149 43
3 1441 R 610 0
3 1441 R 953 1 2
9 1442 A 285 1
9 1442 A 1169 3
2 1443 A 212 14
2 1443 A 1719 54
9 1444 R 48 0
9 1444 R 768 0
3 1445 R 1011 1 1
3 1445 A 525 2
2 1446 A 1572 40
2 1446 R 1319 0
3 1447 A 190 1
3 1447 A 1288 12
9 1448 R 1860 0
9 1448 R 138 0
3 1449 R 12 2 1 10
3 1449 A 83 8
9 1450 R 1334 0
9 1450 A 1191 11
3 1451 A 1162 1
3 1451 A 1455 1
3 1452 R 695 0
3 1452 A 1021 3
2 1453 A 410 8
2 1453 R 507 0
3 1454 A 1415 3
3 1454 A 1482 33
9 1455 A 289 34
9 1455 A 1613 82
3 1456 R 1103 1 1
3 1456 R 1312 1 2
9 1457 A 727 28
9 1457 R 234 0
3 1458 R 1752 1 4
3 1458 A 105 1
2 1459 R 369 1 67
2 1459 R 1507 1 5
3 1460 R 1633 0
3 1460 R 1817 0
3 1461 A 220 11
3 1461 A 1560 26
9 1462 R 822 1 55
9 1462 A 1658 59
2 1463 R 415 0
2 1463 R 0 2 6 3
3 1464 A 893 10
3 1464 R 1151 0
2 1465 R 515 2 11 7
2 1465 R 1777 0
3 1466 R 424 2 3 1
3 1466 R 1726 1 3
2 1467 R 1044 0
2 1467 A 1122 3
2 1468 R 1200 0
2 1468 R 179 1 87
3 1469 A 1329 38
3 1469 A 182 4
2 1470 A 1679 7
2 1470 A 741 5
2 1471 R 1490 0
2 1471 R 1340 0
2 1472 A 1963 1
2 1472 A 98 19
2 1473 R 667 0
2 1473 R 1711 0
2 1474 R 660 1 2
2 1474 R 890 0
2 1475 A 1238 2
2 1475 R 1545 1 34
2 1476 A 1115 2
2 1476 A 156 4
2 1477 A 546 30
2 1477 R 718 0
2 1478 A 534 1
2 1478 R 1937 2 30 3
2 1479 R 144 0
2 1479 A 659 9
2 1480 A 1208 1
2 1480 A 1782 3
2 1481 R 1987 0
2 1481 A 332 54
2 1482 R 42 3 3 93 1
2 1482 A 744 6
2 1483 R 1091 0
2 1483 A 1367 65
2 1484 R 245 0
2 1484 A 199 7
2 1485 R 1697 1 1
2 1485 R 1906 0
2 1486 R 508 0
2 1486 A 822 3
2 1487 R 171 0
2 1487 R 1183 0
2 1488 R 1628 3 1 1 9
2 1488 R 601 0
2 1489 R 1789 0
2 1489 A 1665 25
2 1490 R 1345 1 2
2 1490 R 1756 2 53 56
2 1491 A 254 1
2 1491 R 573 0
2 1492 R 429 3 17 2 4
2 1492 A 354 91
2 1493 A 1835 16
2 1493 R 305 1 34
2 1494 R 870 1 27
2 1494 A 801 6
2 1495 R 381 2 16 10
2 1495 A 622 63
2 1496 R 1044 0
2 1496 A 532 23
2 1497 A 832 7
2 1497 R 697 2 39 3
2 1498 R 213 2 2 31
2 1498 R 948 2 2 22
2 1499 A 107 89
2 1499 A 883 8
2 1500 R 1532 1 7
2 1500 R 621 1 4
